1867 7664.0
633 815 1530 1615 1706 1823 1844
81 190 211 334 1508
226 227 554 648 1217 1528 1755
489 493 538 613 662 678 714 751 784 790 876 894 925 976 1041 1066 1076 1079 1127 1294 1326 1338 1364 1406 1536 1553 1554 1563 1566 1583 1593 1597 1604 1639 1657 1735 1831
69
159 899
292
196 627
526 1087 1116 1577 1686
653
131 828 1223 1636
511
610 869 967 1527 1582 1665 1698
1418 1425
452
1307 1336
29 34 269 458 468 496 516 580 628 671 679 681 686 777 812 835 844 849 870 947 954 994 1003 1004 1006 1038 1062 1125 1128 1131 1153 1177 1198 1202 1306 1385 1407 1453 1502 1634 1643 1695 1748 1749 1763 1769 1770 1779 1847
901 1464
471
54 663 740 948 957 1017 1089 1312 1382 1441 1809
602 806 839 1045 1190 1386
821 1230 1506 1561 1621
1304
253 1626
1766
721 1015 1239 1556
129 1366 1690
329 971
17 226 318 496 521 554 700 818 835 849 870 882 892 920 947 952 994 1004 1031 1103 1125 1131 1156 1163 1372 1461 1468 1478 1515 1543 1625 1654 1748 1749 1753 1755 1763 1768
534
1219 1370
243 321 1715
1771
17 496 554 628 671 672 679 686 736 777 835 844 870 880 947 954 956 1003 1004 1031 1125 1131 1153 1177 1202 1205 1238 1254 1295 1385 1407 1411 1461 1468 1478 1589 1634 1695 1763 1770 1804 1856
93 230 461
1373 1808
494 1049 1165 1813
64 331 629 734 793 834 997 1034 1252 1517 1552 1566 1579 1850 1853
834 1556 1698 1826
477 742 845 898 1318 1377 1485 1551 1566 1744 1760 1832
1300
1274
293 1437
162 163 1148 1404 1617 1650
305 328 330 513 548 556 585 682 900 904 908 937 1009 1071 1328 1342 1379 1399 1515 1550 1665 1671 1732 1761
539 1065 1320 1433 1600 1647 1848
1329 1464 1713
1723
1211 1214 1444 1504 1670
531
752
328 617 682 1009 1284 1350 1475 1515
497 1236 1293 1395 1443 1551 1716
20 540 563 576 740 814 860 957 1017 1046 1089 1267 1322 1349 1382 1441 1471 1473 1509 1579 1606 1649 1809 1829
272 546 745 1558
434 990 1533
1566 1744
530 786 841 1061 1105 1608 1622 1675 1694 1740
469 583 1193 1331 1446 1642 1687
1047
371 595 648 858 877 917 1681 1793
487
1152 1669
38 901 1301 1329 1544
1741
635 696 701 772 800 817 856 1024 1161 1166 1251 1272 1299 1323 1374 1492 1520 1613 1764
1236 1551
900 1354 1848
5
1309
127 191 256 313 321 419 435 493 646 766 867 1240 1351 1744
819 1797
487 1354 1507 1647
285 629 918 1720 1783 1853
1531
249
805
1790
541
593 600 1390
2 194 197 232 1508
1519
871 973 1135
411 691 853 913 1369 1635 1663
1130 1707
609 653 659 1058 1138 1324 1533 1815
1566 1835
1154
802 978 1059 1067 1313 1487 1537 1585 1637
1547
170 590 773 979 1108 1851
388 638 1054 1279 1762
35 230 249 386 475 609 688 799 893 1256 1298 1596 1656 1718
795 919 953 1043 1317 1569 1840
492 1733 1838
684 869 967 985 1137 1247 1345
199
498 900
1178 1696
472 694 977 1162 1454 1588
149 1458
226 257 508 636 648 651 656 887 910 917 930 1004 1136 1139 1217 1308 1652
435 925 1082 1329 1644 1646
762 1129
467 615 703 1112 1311 1316 1855
129 693 980 1254 1363 1634
1280
495 560 708 737 1812
331 425 1129 1342 1714
776 908
1247 1345 1570 1611
787 918
282 1455 1719 1801
418 647
823 1260 1699
734 1552 1626 1704
370
303 859
124 317 587 634 757 785 801 803 825 932 981 1001 1021 1053 1107 1114 1147 1197 1298 1356 1417 1449 1510 1532 1560 1564 1638 1821
698
187 226 227 417 508 648 651 877 917 930 950 1217 1308 1431 1827
514 582 643 816 868 891 1029 1055 1172 1220 1355 1494 1557 1601 1623 1683 1772
1004 1436 1749
119 626 1044 1053 1253 1298 1545 1861
871 973 1154 1229
465 725 1630
71 1244 1744
435 646 735 742 1090 1141
27 106 231 556 980 1033 1626 1696 1707 1758
765 1109 1150 1553
11 503 586 828 1325
441
171
529 1448 1627 1648 1775 1776
699 908
181 223 549
138 139 375 731 855 1007 1346 1396 1818
137 139 375 731 855 1007 1115 1346 1396 1818
137 138 375 731 855 992 1007 1115 1346 1396 1818
564 1249 1333
1050 1784
259 1340
1050 1784
1368
805 933
1042
630
179 724 1100
101 1458
522 559 1022 1302 1747 1754
254 709 1187
1204
1849
1133 1244 1473
213 544 579 705 1102 1378 1653
634 819 1517
887 1185 1274 1414
499 942 1290
6 1488 1576
630 671 686 874 1468 1749
803 1053 1817
44 163 1148 1404 1617 1650
44 162 1148 1404 1617 1650
705
942 1075 1151 1290 1633
871 1405 1714
359 1104
219 322 1678 1786
1432
91 979 1851
133 229 1497
206 1169 1398
634
1830
842
787
505 697 921 1488
690 1140 1278 1307 1357 1451 1578 1712
148 724 1100
527 739 774 840 1305 1640 1660 1677
136 223 549
673 963
1469
706
310 454 828 1661
650
121 257 648 1062 1217 1308
1171 1231
1362
2 194 333 453
71 524 620 836 885 1234 1310 1438 1457 1744
1244 1292 1329 1713
283 669 683 1592
81 190 197 232 333 334 1508 1605
264 608 867 1301 1348 1384 1800 1852
8 627 900
81 194 1508 1605
488 601 687 944 1511
97 1365
201 654
200 1273
1194
1362
755 851 1011 1276 1472 1673 1727
278 1664
172 505 667
1190
1169
501 630 693 983 1488
1157 1488 1758 1843
2 465 878 1073 1174 1301 1348 1552 1572
826 985 1570
155 579 1102 1378 1653
1243 1632 1744
343 936 1282 1477 1490 1518 1568 1590 1700 1756 1795
243 256 401 466 623 644 646 726 830 1565 1618 1744 1750
637 732 1339 1624
1155 1296
168 1720 1786
330 1068 1104 1298 1474 1581 1810
490 955 987 1130 1209 1388 1513
955 987 1068 1130 1158 1209 1328
136 181 549
995 1069 1360 1362 1424 1450 1701 1789 1849
368 801 949 966 968 1275 1298 1341 1413 1534 1662
3 29 102 121 227 257 532 595 648 651 835 877 950 1003 1189 1371 1652 1681 1827
3 121 226 648 1217
1186 1274 1773
171
35 93
129 616 974 1419
81 194 333 453
1752
589 655 1309 1538 1661
1579
702 832 861 1026 1039 1737
1084 1435 1676 1743
239 718 838
238 718 838
550 1094 1110 1160 1845
435
296 321 374 476 749 1242 1283
32 216 476 558 873 940 1832
619 747 1314 1739
670 677 713 788 1018 1035 1085 1180 1195 1505 1595 1666 1751
518 660 712 758 850 872 1091 1480 1481 1594 1609 1805 1807
1171 1300 1691
639 1331 1571
76 93 450 502 525 639 778 879 886 1016 1171 1331 1344 1440 1655 1682 1691 1767 1819
1300 1413 1545
504 567 903 1005
569
24
151 709 1187
426 515 646 1393 1646 1835
71 216 558 742 1179 1224 1566 1744 1785
102 187 226 532 648 656 1217 1652
1227
142
597 715 837 1032 1184 1270 1387 1479 1503 1619 1684
539
975
1262 1473
195
783 1620
753 1327 1567 1860
852
668 674
17 318 672 768 920 1004 1103 1163 1198 1199 1629 1643 1749 1763 1770
410 528 617 757 811 1546 1556
1221
55 506 745 1558
1782
901 1447
1182 1200 1269
388 513 584 682 736 781 796 896 941 1034 1118 1279 1305 1468 1475 1641 1661 1803
479 664 864 1060 1476
205
378 427 991 1034 1198 1463 1574 1679 1707 1850
1098
425 556 820 1088 1231 1342 1488 1523 1714 1761
113 1719 1801
193 669 683 1300 1592 1610
1065
74 1237 1300 1331
862 947 1004 1038 1205 1465 1668 1748
537 1218 1430 1580
782 961
555 583 741 1427
1744
1798
7
43
1056 1106
298 470 478 491 625 640 676 720 729 883 884 906 934 1012 1063 1167 1216 1241 1286 1466 1575 1607 1728 1730 1802 1836
242 353 622
589
295
1483
1517
901 1142 1263 1661
1566
118 442 533 546 820 848 1121 1191 1287 1353
1517 1797
45
309 642 1738
523 984 1099 1335 1439 1746
834 1028 1783
306 330 585 617 682 688 757 779 866 933 964 1030 1120 1124 1233 1258 1309 1452
185
1602
558
71 603 1149 1225 1248 1445 1788
1123
1777 1787
728 1191 1651 1820
119 376 485 614 634 770 785 803 863 890 932 968 981 1053 1107 1147 1197 1275 1356 1417 1510 1532 1560 1638 1792 1817
29 269 496 554 632 681 700 835 947 1004 1008 1031 1062 1103 1111 1125 1128 1131 1163 1177 1198 1467 1478 1501 1515 1516 1643 1654 1755 1768
571 607 1300 1573 1755
657 727 965 1693 1721 1828
32 71 242 477 646 854 996 1242 1334 1383 1400 1539 1566 1744 1814
168 592 935 1412 1533 1798
924 1362 1486 1781
461 770 803 863 949 1107 1147 1194 1197 1275 1510 1519
551 630 874 923 1688 1729
329 548 1198 1540 1618 1704
1696
45 52 517 746 1009 1399 1732
28 326 971 1379
45 220 309 545 904 1000 1057 1233 1298 1581 1810
38 109 606 905 918 972 1696 1765
439
190 194 232 453
2 194 1508
618 1267 1428 1469 1736
1146
557 811 831 895 931 1097 1342 1526 1723 1741 1816 1834
1109 1744
448 542 665 1066 1566
902 1117
916 1460
568 633 815 1250 1530 1615 1659 1689 1706 1823 1844
215 1282 1477 1490 1518 1568 1590 1700 1756 1795
1045
1825
764 1830
348
347
477 646 1246 1541 1551 1593
481 762 1696 1796 1853
483 598 881 897 1261 1522 1734 1780
1109 1565 1669
296 426 645 735 744 1361 1553 1566
1697
520 1291 1798
956
1004
811 924 933 1549
167 899 1267
642 721 1122 1367 1426 1427
432 1117
425 820 1523 1714
1146
1073
828
372 575 646 666 808 830 901 980 1064 1090 1181 1259 1380 1394 1422 1562 1631 1664 1757 1785
950 1185
225 703
908 980 1529 1672
117 1093 1229 1825
61 1232 1319 1681
366 730 776 912
1539
242 1352
137 138 139 731 855 992 1007 1115 1346 1396 1818
317 614 722 803 909 1107 1197 1532 1564 1792
562 710 761 769 945 962 1052 1119 1144 1235 1243 1303 1337 1841
279 1517 1574
536 935 1291
381 484 500 591 649 680 889 915 988 996 1196 1212 1297 1315 1409 1524 1703 1722 1731 1745 1800 1806
380 477 591 867 1066 1138 1464 1800
454 771 794 1066 1265 1566 1705 1800
1709 1711
596 1436 1789
1495
93 787 1685 1692
1042 1360
92 276 896 1279
442 621 970 1176 1264 1725
611 1145 1512
473 474 486 493 1268 1566
1207
668
1027
692 789 1188 1222 1359 1408 1456 1591 1674 1791
1535 1665 1671
843 1546
774 1548
511 833 1116 1181 1837
435 960 1329 1464 1544
216
510 535 570 695 1081 1113 1132 1192 1281 1717 1854
1403
760 765 993 1066 1702
435 829 867 928 1348 1358 1485 1499 1628 1744 1800 1852
515 645 665 744 810 951 1048 1141 1159 1210 1566 1593 1646
1069 1701
1459
1658
270 528 551 581 607 738 757 775 779 811 843 879 912 914 933 964 1010 1233 1258 1389 1435 1452 1470 1475 1486 1489 1491 1546 1548 1549 1556 1599 1738 1799
84
1493
901 1447
565 570 574 599 926 927 999 1078 1288 1392 1846
493 765 1566
631 652 704 822 943 1203 1391 1496 1858
121
114 504 647 733
71 726 1266
711 1019 1484
1498
1475
1816
547 1002 1201 1462 1616 1822 1824
109 281 362 442 505 548 556 606 658 754 820 946 969 1023 1037 1231 1342 1379 1415 1493 1523 1540 1645 1714
255 353 697 980 1246 1410 1464 1517 1566 1744
279 482 519 991 1574 1664
578
446 726 748
646 980 1380 1426
499 1263
361 566 754 1714
1708
56 824 1714
71 103 128 241 400 405 466 484 486 573 588 604 645 646 665 716 717 723 726 735 742 744 792 797 829 845 854 857 859 867 878 901 911 921 925 928 951 982 1082 1090 1096 1109 1126 1141 1159 1210 1224 1228 1244 1257 1265 1268 1318 1329 1334 1348 1358 1361 1464 1485 1499 1536 1544 1553 1566 1579 1628 1661 1702 1709 1724 1726 1744 1774 1785 1800 1857
748
833
1669
332
942 1290
132 543 942 1075 1151 1290 1633
303 389 425 621 933 966 970 1124 1176 1264 1714 1725
757
1363
1267
429 573 646 742 854 1242 1255 1485 1539 1553 1566 1724 1744 1852
553 641 689 693 699 907 938 1014 1036 1101 1226 1271 1289 1429 1434 1500 1521 1710
339 1566 1744
507 750 756 763 809 888 1080 1083 1376 1482 1586 1667
249 986 995 1069 1360 1424 1450 1701
482 1070
15
190 232 333 1245
185 382 716 1082 1285 1292 1329 1464 1544 1644 1646
572 807 1368
561 605 939 1143 1213 1421 1603
1244
17 496 554 681 736 777 812 835 849 947 956 1003 1004 1006 1038 1125 1128 1131 1153 1163 1177 1295 1306 1330 1411 1467 1468 1502 1643 1748 1749 1755 1763 1769 1847
607 922 1680
1375 1726 1861
35 324 614 803 804 863 932 966 1001 1107 1183 1197 1275 1298 1596 1726 1861
512 798 865 989 1077
1152 1400 1785
875 1072 1493
126 211 573 646 742 748 845 878 1301 1318 1384 1539 1832
216 435 646 748 901 940 982 1150 1301 1348 1566 1760
105 615 703 1112 1311 1316 1855
17 496 554 844 880 947 1004 1153 1254 1328 1461 1748 1749 1763
59 583 741 1193 1446 1682 1687
295 640 1836
19 818 1088 1328 1468
100 694 977 1162 1454 1588
391 474 515 911 1090 1210 1536 1566 1744
391 473 1566
93 1057 1298 1321 1474 1718 1810
242 243 749 771 1126 1133 1565
40 321 349 381 515 552 645 744 925 929 1025 1066 1138 1141 1268 1334 1536 1541 1551 1774 1785
295 491 625 676 720 729 883 884 906 934 1012 1063 1216 1241 1286 1466 1575 1607 1728 1802
277 664 864 1060 1476
826 869 985 1137 1247 1584 1839
350 916 1353
427 451 797 1070 1358 1517 1574
351 598 881 897 1261 1522 1734 1780
380 435 591 996 1169 1381 1576 1752
317 614 863 890 932 1197 1560
391 435 646 665 744 854 1536 1566
62 73
198 601 687 944 1511
4 894 1294 1563 1657 1735 1831
221 655 955 1332 1509
295 478 625 720 729 883 884 906 1012 1216 1286 1466 1575 1607 1728 1802
95 1733 1838
4 71 391 415 646 744 1082 1141
37 1049 1165 1813
108 560 708 737 1812
17 29 34 318 458 468 516 554 671 679 681 686 736 777 812 818 835 844 849 882 892 920 947 954 956 1003 1004 1006 1008 1031 1038 1062 1103 1111 1125 1128 1131 1153 1163 1177 1198 1199 1202 1238 1254 1295 1306 1372 1385 1461 1465 1467 1468 1478 1501 1515 1543 1589 1634 1643 1654 1748 1749 1753 1755 1763 1769 1770 1779 1804 1847 1856
53 1236 1293 1395 1443 1716
98
158 431 1579
380 649 680 915 988 1409 1524 1703 1722
209 738 1015 1350 1696 1796 1843
249 778 886 1016 1440 1767
131 586 828 1325
251 418 567 673 733 903 963 1005
177 206 425 658 684 946 1013 1181 1415 1645 1707
272 820 1826
449 750 756 763 764 809 1083 1376 1586 1667
102 121 532 636 651 877 910 930 1136 1139 1189 1217 1371 1431 1827
1087 1116
402 535 695 1113 1192 1281 1717 1854
12 399 1661 1709 1711
462 798 865 989 1077
45 276 557 653 811 991 1013 1058 1598
122 582 643 816 868 891 1029 1055 1172 1220 1355 1494 1557 1601 1623 1683 1772
255 406 473 477 771 840 925 951 1048 1066 1141 1159 1377 1593 1646 1669 1744
17 496 554 628 681 686 777 870 880 947 1004 1006 1031 1103 1125 1163 1202 1238 1295 1468 1515 1643 1749 1755 1763 1856
328 746 852 1009 1399 1671 1732
246 660 712 758 850 872 1091 1480 1481 1594 1805 1807
427 543 1033 1244 1574 1794 1850
355 536 592 1098 1291 1798
29 818 947 1156 1625 1668
150 559 1022 1302 1747 1754
307 984 1099 1335 1439 1746
191 620 836 885 1234 1310 1438 1457
249 639 879 1020 1331 1344 1682 1819
9 719 1514 1661 1686 1742 1790
180 682 730 818 933 1015 1068 1367 1529 1549
270 410 757 811 923 1634
134 1448 1627 1648 1775 1776
58 786 841 1061 1105 1159 1608 1622 1675 1694
50 664 847 864 1387
226 257 508 651 877 930 950 1139 1189 1371 1827
303 754 848 1287 1353
30
402 510 695 1113 1132 1192 1281 1717 1854
379 520 592 1412 1798
287 1430
4 1406 1536 1563
46 261 759 1320
54 563 576 814 860 1046 1322 1349 1649 1829
79 759
339 1066 1243 1744 1814
441 519 942 1075 1290 1633
155 846 1102 1378 1397
330 571 1000 1057 1656
55 303 548 745 1300 1370
424 1002 1201 1462 1616 1822 1824
45 326 425 546 754 990 1129 1342 1379 1415 1665
136 181 223
240 624 717 1051 1094 1110 1160 1170 1579 1845
325 410 581 684 818 1729
477 901 929 1025 1383
447 689 699 907 1014 1101 1271 1521 1710
3 29 34 318 458 468 496 516 580 628 686 780 818 844 858 870 880 947 1003 1004 1006 1031 1038 1103 1125 1128 1131 1153 1163 1202 1407 1461 1468 1515 1528 1543 1589 1643 1652 1748 1749 1755 1763 1770 1856
289 847 933 1030 1233 1389 1834
45 129 281 425 833 1034 1181 1191 1273 1342 1379 1819
337 513 1233 1389 1723
243 256 312 1025
150 522 1022 1302 1747 1754
108 495 708 737 1812
456 605 939 1143 1213 1421 1603
377 710 945 962 1303
54 540 576 814 860 1046 1322 1349 1471 1649 1829
140 616 1086 1249 1401
414 570 574 599 927 999 1288 1392 1846
432 646 746 980 1142 1224 1273 1318 1497 1566 1744
251 504 764 903 963 1005 1585
342 633 815 1250 1530 1615 1659 1689 1844
252 959
402 414 565 574 926 927 999 1078 1392 1705 1846
319 545 905 983 1133
455 807
435 446 465 588 716 742 1266 1553 1566 1744 1785
414 565 570 599 926 999 1288 1392 1846
366 594 742 854 901 1246 1400 1422 1464
54 540 563 814 860 1046 1322 1349 1471 1649
648
428
155 213 705 1653
17 554 671 679 681 777 835 844 880 1003 1004 1163 1202 1254 1372 1629 1695 1748 1749 1763 1768 1804 1856
410 551 738 757 924 933 1258 1452
122 514 643 816 868 891 1029 1055 1220 1355 1494 1557 1601 1623 1683 1772
59 289 469 741 972 1193 1687
276 1118 1475 1641 1803
45 309 642 933 1233
131 503 828 1169 1325
119 785 801 803 825 968 981 1001 1197 1275 1519 1638 1821
435 573 742 765 854 1266 1268 1536 1566 1744 1832 1852
234 297 1092
91 773 979 1108 1851
380 381 484 996 1752 1783
322 520 536 1098 1291 1798
80 600 754 1390 1470 1661 1833
575 646 911 1400
61 226 877 1189 1681 1793
384 757 916 1040
260 837 1032 1270 1479 1503 1619 1684
351 483 881 897 1261 1522 1780
414 565 574 927 999 1078 1288 1846
80 593 1390 1714
198 488 687 944 1511
21 806 839 1045 1190
313 1149 1225 1248 1445 1788
435 717 723 1126 1228 1579
456 561 939 1143 1213 1421 1603
331 425 969 1540
319 410 459 693 776 972 1219 1233 1460 1475 1491 1515 1634 1680
195 1464 1483 1579 1800
86 93 1058 1284
13 827 967 1208 1527 1582 1611
390 1145 1170 1512
721 781 796
4 678 976 1041 1127 1338 1364 1597
317 376 461 485 722 770 803 804 863 890 909 932 981 1197 1532 1792
105 467 703 1112 1311 1316 1855
231 564 1086 1232 1274 1333 1401 1734 1773
52 270 309 659 757 779 811 875 912 933 1030 1233 1437 1452 1493 1525 1587 1738
335 661 1044 1267 1428 1736
244 747 1314 1739
191 524 1234 1310 1438 1457
389 442 966 970 1053 1124 1176 1264 1725 1761
296 807 1134 1566
216 646 742 766 1152 1351 1352 1539 1553 1832 1852
550 1418 1579
295 478 491 676 720 883 1241 1286 1466 1728 1730
124 932 949 966 1001 1194 1298 1321 1542 1606 1861
8 196
17 34 516 554 835 870 1003 1004 1031 1062 1131 1177 1295 1372 1502 1748 1749 1856
38 74 644 997 1221 1515 1555 1614 1853
147 160 209 325 874
416 652 704 822 943 1203 1391 1496 1858
318 736 835 1004 1006 1125 1131 1749
1 342 568 815 1530 1659 1844
119 156 173 317 757 770 803 1253 1298 1398 1449 1519 1545 1546 1606 1662
66 696 701 772 800 817 856 1024 1161 1166 1251 1272 1299 1323 1374 1492 1520 1613 1764
102 508 910 930 1136 1189 1217
217 732 1339 1624
92 1054 1279 1762
248 249 525 879 1020 1171 1237 1344 1642 1655 1682 1691
295 470 1836
447 689 699 1101 1226 1271 1289 1521
306 360 585 721 912 1030 1548 1549 1581
122 514 582 816 868 891 1055 1172 1220 1355 1494 1557 1601 1623 1683 1772
216 629 646 665 735 859 1082 1517 1536 1568 1576 1783 1853
353 406 435 477 646 665 1242 1464 1539 1715 1744 1835
71 128 216 255 321 349 366 430 435 446 465 466 486 493 566 594 623 644 645 665 717 726 735 742 744 748 766 771 797 830 845 854 867 873 929 980 996 1056 1133 1138 1152 1240 1244 1318 1334 1361 1380 1383 1400 1410 1420 1485 1536 1553 1566 1618 1626 1702 1726 1744 1785 1857
114 418 733
3 61 102 121 187 226 227 257 577 835 858 887 917 1217 1652 1763
380 500 680 915 988 1409 1703 1806
186 1121 1752
102 121 226 508 532 930 1139 1217 1232 1363 1371 1515 1827
416 631 704 822 943 1203 1391 1496 1858
10 86 513 1474
200 905 1133 1263 1541 1552 1744
234 490 1332
102 257 858 887 1217 1274 1401 1652
320 727 965 1693 1721 1828
425 505 738 946 1219 1298
86 617 1058 1460 1815
246 518 712 758 850 872 1091 1481 1594 1609 1805 1807
618 794 1244 1267 1497 1759
4 714 751 784 876 1326 1554 1583 1639
20 740 948 957 1017 1089 1312 1441 1809
277 479 531 864 1060 1476
339 406 435 486 644 645 646 873 901 1138 1343 1361 1566 1774 1835
366 808 901 1422 1664
206 734 972 974 987
268 393 1529
193 283 998 1592 1610
245 677 788 1018 1035 1085 1195 1505 1595 1666 1751
17 34 160 496 580 679 681 686 777 844 870 880 947 954 994 1003 1004 1125 1128 1156 1163 1254 1468 1695 1749 1755 1763 1770 1779 1804 1856
34 269 844 880 947 1004 1038 1205 1407 1465 1634 1668 1749 1763 1777 1787 1856
182 504 733 1005
268 782
681 1174 1555 1758
295 478 625 720 729 883 884 906 1012 1063 1216 1241 1286 1466 1575 1607 1802
245 670 713 1085 1180 1195 1595 1666 1751
4 613 976 1041 1127 1338 1364 1597
17 34 496 580 671 681 686 835 880 1003 1006 1125 1202 1254 1306 1668 1748 1749 1769 1804
380 500 649 915 988 1409 1524 1703 1722 1806
17 318 458 496 516 580 671 675 679 686 777 812 835 849 882 920 1003 1004 1008 1031 1103 1125 1128 1163 1177 1385 1407 1467 1478 1502 1643 1695 1748 1749 1763 1769 1770 1847 1856
45 52 276 309 527 693 866 900 908 1030 1529 1634
193 283 1592 1610
96 505 551 757
742 808 1497 1686
17 34 160 496 516 554 671 679 681 777 812 835 844 870 880 947 994 1003 1004 1006 1125 1163 1202 1254 1295 1407 1468 1643 1695 1749 1763 1779 1847
198 488 601 944 1511
93 309 805 879 1030 1057 1058 1298
447 553 641 699 907 938 1014 1101 1226 1271 1289 1429 1434 1521 1710
178 1140 1278 1307 1357 1578
84 853 913 1369 1635 1663
395 789 1222 1359 1408 1456 1674 1791
106 209 447 607 682 757 811 869 870 880 900 908 947 1004 1088 1191 1202 1247 1345 1350 1488 1523 1526 1550 1589 1723 1748 1749 1758 1816
100 472 1162 1454 1588
402 510 535 1081 1113 1132 1192 1281 1854
66 635 701 772 800 817 856 1024 1161 1166 1251 1272 1299 1323 1374 1492 1520 1613 1764
177 426 717 1709
120 1059
135 447 553 641 689 907 1014 1101 1226 1271 1429 1434 1521 1710
29 318 835 1004 1062 1306 1749
66 635 696 772 800 817 856 1024 1161 1166 1251 1272 1299 1323 1374 1492 1520 1613 1764
236
105 368 467 615 1112 1311 1316 1855
416 631 652 822 943 1203 1391 1496 1858
155 164 579 846 1102 1378 1653
184 1723
846 1572
108 495 560 1812
151 254 1187
377 562 761 769 945 962 1052 1119 1144 1235 1303 1337
420 1019 1095 1484
246 518 660 758 850 872 1091 1480 1481 1594 1609 1805 1807
245 677 1035 1085 1195 1595 1666
4 662 751 784 790 876 1326 1554 1583 1639
260 837 1032 1184 1270 1503 1619 1684
435 454 573 845 1082 1265 1499 1628 1644 1709
435 550 604 646 697 793 794 857 867 921 928 1094 1126 1138 1173 1228 1292 1358 1418 1517 1579 1677
238 239 838
526 1088 1191 1742
295 478 491 625 676 729 883 884 906 934 1012 1063 1216 1241 1286 1466 1575 1607 1802
26 360 612 642 1120 1324 1452 1708
376 614 863 1792
435 604 857 1051 1228 1358 1628
148 179 1100
126 1630
216 419 429 435 646 797 1268 1301 1566 1702 1760 1852
320 657 965 1693 1721 1828
316 921 1661
295 478 491 676 720 883 884 906 934 1012 1063 1216 1286 1466 1575 1607 1802
372 527 776 818 908
137 138 139 375 855 1346 1396
217 637 1339 1624
418 504 647 673 1005 1244
38 116 667 1215 1778 1799
128 353 435 644 646 901 1141 1265 1343 1566
34 276 458 496 632 777 818 835 947 1004 1020 1034 1128 1198 1202 1359 1528 1695 1768 1799 1856
108 495 560 1812
410 501 581 658 757 776 818 905 912 924 933 1015 1068 1120 1284 1309 1350 1452 1475 1549 1591 1660 1668 1723 1820
180 1206 1273
20 54 663 948 957 1017 1089 1312 1382 1441 1809
289 469 583 1571 1687
40 128 256 435 446 465 573 575 588 623 646 685 765 845 925 951 1066 1109 1224 1242 1255 1318 1334 1351 1384 1485 1536 1539 1553 1760 1774
1186
353 406 435 477 486 493 646 993 1082 1096 1141 1377 1566 1646 1785 1857
55 272 546 848 1370 1558
328 517 566 1009 1368 1671 1732
244 619 922 1314
429 436 465 466 646 901 1301 1318 1329 1348 1384 1464 1713 1760 1852
242 476 1422 1464 1565
449 507 763 809 888 1080 1376 1419 1482 1667 1811
4 662 714 784 790 876 1326 1554 1583 1639
51
266 1327 1567 1860
425 432 533 548 593 820 1013 1493 1620
204 1011 1472 1727
449 507 763 809 1080 1083 1376 1667
119 270 309 410 443 528 581 596 617 634 684 693 738 775 811 843 879 912 923 933 1010 1015 1040 1097 1124 1233 1258 1309 1350 1452 1546 1548 1556 1599 1638 1738 1743 1761
246 518 660 712 850 872 1091 1481 1594 1609 1805 1807
539 541 1262 1794 1848
404 765 1536 1702
377 710 769 945 962 1052 1119 1144 1235 1303 1337
104 350 783 987 1748 1853
449 507 750 756 809 1083 1376 1586 1667
346 507 567 1083 1309 1376 1538
130 404 415 588 742 760 901 940 982 1066 1082 1090 1109 1268 1283 1536 1702 1760 1832
71 623 646 1744
1174 1209 1252 1442 1459 1757
269 947 1004 1125 1131 1468
377 710 761 945 962 1052 1119 1235 1303 1337 1841
317 324 614 634 803 863 932 1107 1194 1197 1510 1519 1532
382 476 515 646 1246 1553
66 635 696 701 800 817 856 1024 1161 1166 1251 1272 1299 1323 1492 1520 1613 1764
91 590 979 1108 1851
180 398 840 1088 1651 1660
410 757 811 895 912 914 933 1599
110 372 607 730 738 793 818 862 1028 1111 1284 1300 1350 1362 1373 1394 1486 1634 1680 1752 1758 1796
17 34 458 496 516 580 671 681 686 736 818 835 947 1003 1004 1006 1125 1128 1163 1177 1202 1295 1411 1468 1478 1643 1749 1763
249 502 886 1016 1440 1767
309 410 617 811 933 1233 1581 1738
554 844 1004 1254 1258 1763
276 612 1660
288 674 961
265 762 859 1626 1853
4 662 714 751 790 876 1326 1554 1583 1639
119 317 587 801 803 825 981 1107 1197 1356 1556 1560 1817 1819 1821
58 530 841 1061 1105 1159 1675 1694 1740
112 176 386 918 1305 1685 1692
245 670 1035 1085 1180 1505 1595 1666 1751
395 692 1188 1222 1359 1408 1456 1674 1791
4 714 751 784 876 1326 1554 1583 1639
1531 1837
435 867 1265 1499
38 717 776 818 830 980 1104 1380 1614 1634 1660 1757 1783
382 661 717 1126 1228 1244
94 919 953 1043 1317 1569 1840
276 612 799
435 482 646 726 867 928 1228 1420 1579 1702
462 512 865 989 1077
93 796 1057 1169 1256 1298 1321 1398 1656 1718
66 635 696 701 772 817 856 1024 1161 1166 1251 1272 1299 1323 1374 1492 1520 1613 1764
119 225 587 785 825 949 968 981 1001 1197 1275 1519 1821
89 978 1059 1067 1313 1487 1537
119 161 317 324 376 461 587 614 634 770 785 804 863 909 949 981 1021 1053 1107 1197 1417 1510 1517 1532 1564 1792 1817
461 614 803 863 1001 1197 1275 1298 1398 1519 1532 1606 1792 1861
77 145 688 1020 1030 1058
21 602 839 1045 1190 1386
455 572 622
366 666 685 1263 1497 1566 1661 1664 1686
449 507 750 756 763 888 1080 1083 1376 1419 1482 1586 1667 1811
406 1082 1255 1724 1744
270 337 358 410 513 528 617 693 757 775 779 895 912 931 933 937 964 1010 1097 1233 1258 1389 1452 1526 1577 1599 1611 1723 1738 1761 1797
17 458 496 681 686 835 849 956 1125 1468 1502 1643 1749 1770
961
54 540 563 576 860 1046 1322 1471 1649 1829
1 342 568 633 1250 1530 1615 1659 1689 1706 1823 1844
122 514 582 643 868 891 1029 1055 1172 1220 1355 1494 1557 1601 1623 1683 1772
66 635 696 701 772 800 856 1024 1161 1166 1251 1272 1299 1323 1492 1520 1613 1764
29 471 496 521 527 551 554 730 736 738 776 777 793 947 1004 1156 1157 1205 1306 1515 1543 1591 1668 1677 1729 1748 1749 1859
72 156 1517 1797
281 303 362 425 506 754 1558
22 1230 1506 1561 1621
416 631 652 704 943 1203 1391 1496 1858
115 1260 1699
434 1088 1523 1540
119 587 785 801 981 1001 1114 1356 1417 1556 1638 1821
212 480 869 985 1247 1345 1570 1584
610 967 1208 1527 1611
11 131 185 365 503 586 1044 1223 1325 1636
405 435 928 1173 1244 1358 1384 1393 1566 1628 1744 1800
216 366 646 793 980
337 895 1273 1342 1599 1741
236 861 1026 1039 1737
399 437 556 1034 1191
38 39 308 1556
17 29 34 226 318 458 496 580 628 632 648 679 681 686 700 736 777 812 849 870 877 880 882 920 947 956 1003 1004 1006 1008 1031 1062 1103 1111 1125 1131 1163 1177 1198 1202 1306 1467 1502 1516 1643 1681 1749 1763 1770 1847 1856
191 524 1310 1438 1457
260 597 715 1032 1184 1270 1387 1479 1503 1619 1684
238 239 718
21 602 806 1045 1190 1386
180 515 774 1057 1120 1292 1377 1640 1660 1855
58 530 786 1061 1105 1159 1608 1675 1694 1740
175
397 410 757 1546 1638
17 34 468 496 554 580 671 672 686 780 870 880 900 922 947 1003 1004 1006 1031 1103 1125 1153 1163 1177 1202 1238 1254 1372 1407 1468 1502 1589 1629 1643 1695 1748 1749 1753 1755 1763 1770 1771 1799 1856
40 435 465 646 716 742 1082 1318 1348 1464 1485 1536 1553 1566 1744
544 705 707 1102 1378 1397
531 555 1233 1834
303 533 745 1353 1370
17 29 458 496 681 812 835 1003 1004 1008 1062 1125 1131 1177 1202 1254 1407 1467 1478 1502 1643 1695 1755 1763 1847
246 518 660 712 758 872 1091 1481 1594 1805 1807
204 1276
267 517 1009 1399 1732
84 691 913 1369 1635 1663
321 435 446 486 575 588 646 1318 1348 1832
137 138 139 375 731 992 1007 1115 1346 1396 1818
66 635 696 701 772 800 817 1024 1161 1166 1251 1272 1299 1323 1374 1492 1520 1613 1764
435 717 723 1173 1228 1358 1628
61 554 648 656 887 917 1004 1274 1304 1501 1515 1516 1652 1749 1763 1773
118 435 644 783 1352 1555
54 540 563 576 814 1046 1322 1349 1471 1649 1829
236 832 1026 1039 1737
286 776 947 1300 1436 1668 1789
317 324 461 485 614 722 770 803 804 890 909 932 949 1001 1053 1107 1114 1197 1275 1532 1560 1596 1726 1792 1817 1861
277 479 531 664 1060
462 512 798 989 1077
309 682 900 1856
71 195 381 405 435 646 717 792 797 901 1073 1126 1169 1228 1246 1358 1464 1499 1536 1544 1566 1574 1579 1661 1702 1709 1744 1800
122 514 582 643 816 891 1029 1055 1172 1220 1355 1494 1601 1683 1772
13 96 480 693 826 985 1137 1247 1345 1527 1582 1665
17 29 34 516 554 628 671 686 693 835 844 880 892 947 1004 1031 1038 1125 1153 1163 1238 1254 1407 1461 1468 1543 1589 1668 1748 1749 1763 1770
83 125 166 973 1154 1229
246 518 660 712 758 850 1480 1481 1594 1609 1805 1807
243 646 665 1210 1566 1835
160 325 630 1688
464 617
4 662 714 751 784 790 1326 1554 1583 1639
61 121 226 508 532 595 835 930 1139 1189 1371 1431 1681 1793 1827
211 435 465 993 1082 1348 1744
249 410 525 639 688 757 933 972 1030 1044 1258 1300 1331 1344 1581 1634 1682 1691 1819 1853
34 468 516 554 580 671 672 679 686 693 835 844 870 900 922 947 954 1003 1004 1031 1038 1153 1202 1238 1306 1407 1461 1468 1515 1516 1543 1589 1643 1652 1695 1748 1749 1753 1763 1847
351 483 598 1261 1522 1734 1780
29 496 681 835 1004 1006 1031 1062 1103 1131 1163 1177 1198 1254 1330 1668 1749 1755 1763
295 478 491 625 676 720 729 884 906 934 1012 1063 1167 1216 1241 1286 1466 1575 1607 1728 1730 1802
295 478 491 676 720 729 883 906 934 1012 1063 1216 1241 1286 1466 1575 1607 1728 1802
191 524 1234 1310 1438 1457
249 502 778 1016 1767
102 157 648 656 858 1274 1652 1773
449 750 809 1080 1376 1482 1586 1667
380 1196 1212 1297 1315 1731 1745
317 485 614 863 932 1197 1532
122 514 582 643 816 868 1029 1055 1172 1220 1355 1494 1557 1601 1623 1683 1772
29 496 870 954 1004 1031 1128 1163 1385 1501 1643 1748 1769
93 1256 1298 1474 1581 1810
4 489 1294 1563 1604 1657 1735 1831
337 775 811 831 1097 1577 1599 1611 1738 1741 1761
276 388 1305 1475 1641 1803
351 483 598 1734 1780
40 1377 1551
6 359
45 68 98 196 682 693 844 866 880 937 947 983 990 991 1004 1031 1153 1239 1515 1589 1665 1698 1748 1789 1839 1856
18 64 274 301 366 413 435 466 552 575 665 666 735 748 765 867 980 982 993 1082 1090 1096 1244 1259 1329 1343 1403 1447 1464 1536 1553 1661 1669 1702 1713 1724
340
251 504 567 963 1005 1585
45 330 1239 1427 1549
331 571 654 738 1857
295 478 491 676 720 729 883 884 934 1012 1063 1216 1241 1286 1466 1575 1607 1728 1730 1802
447 553 689 699 1014 1036 1101 1226 1271 1289 1434 1521 1710
45 110 135 369 682 693 730 1442 1488 1529 1550 1665
376 614 803 863 1375 1532 1792 1861
102 508 636 930 1136 1189 1827
435 473 594 1628 1800
372 410 617 642 738 757 775 811 924 933 1030 1233 1258 1486 1525 1549
84 691 853 1369 1635 1663
410 775 1436 1491 1548 1570 1761
380 500 649 680 1409 1524 1806
341 481 596 1538 1665 1698
61 102 121 648 858 1652 1763
74 112 331 787 958 1003 1174 1221 1300 1304 1347 1552 1574 1614 1618 1692 1778 1783 1853
94 795 953 1043 1317 1569 1840
29 269 496 681 835 1003 1062 1103 1163 1749 1755
177 435 717 728 1013 1483
459 747 844 880 1004 1202 1515 1528 1748
325 528 757 1258 1634
323 358 581 738 912 933 1120 1309 1452 1475 1548 1723 1738
4 103 435 477 515 742 951 993 1048 1066 1082 1179 1377 1593 1774
414 570 574 1078 1288 1846
414 565 570 599 999 1078 1288 1392 1846
405 435 717 797 829 1126 1228 1358 1579 1628
477 552 646 1138 1744
102 121 508 532 636 651 877 910 1136 1139 1189 1217 1371 1431 1827
337 811 1367 1526 1723 1816
119 317 461 485 614 626 770 863 890 949 966 1001 1183 1194 1197 1298 1321 1596 1718 1726 1861
145 309 358 410 442 527 555 581 585 617 738 757 775 779 811 879 912 924 1010 1015 1030 1097 1120 1233 1367 1389 1452 1475 1486 1493 1525 1546 1548 1549 1556 1587 1723 1738 1781 1820 1834
295 478 720 729 883 884 906 1012 1241 1286 1466 1575 1607 1728 1802
322 379 1291 1437
215 1282 1568 1700 1756
45 811 900 967 1071 1556 1698
447 689 1101 1226 1271 1289 1429 1434 1500
456 561 605 1143 1213 1421 1603
243 466 765 1343 1553
276 1475 1641
158 165 440 441 543 1151 1290 1633
416 631 652 704 822 1203 1391 1496 1858
198 488 601 687 1511
377 562 710 761 769 962 1052 1144 1235 1303 1337 1841
425 505 658 1095 1298 1645
17 29 34 286 318 458 468 496 516 521 554 671 672 686 693 736 768 777 818 835 844 862 870 880 900 954 1003 1004 1006 1038 1040 1103 1125 1131 1153 1156 1202 1254 1305 1407 1453 1461 1465 1486 1515 1535 1591 1629 1643 1695 1696 1748 1749 1753 1763 1765 1770 1804 1847 1856
20 663 740 1089 1312 1441 1809
225 324 626 801 803 863 932 1021 1057 1275 1341 1534 1596 1726 1792
121 226 367 532 1827
406 435 515 742 925 1048 1082 1121 1242 1268 1485 1536 1553 1593 1800
29 1003 1004 1006 1128 1163 1198 1453
94 795 919 1043 1317 1569 1840
17 34 496 671 880 892 947 1004 1006 1031 1125 1163 1202 1501 1643 1695 1749 1769 1787
221 222 490 987 1158 1388
34 356 458 496 812 835 1003 1004 1008 1342
20 54 663 740 1089 1441 1809
918 1552 1618
569
400 1240
288 782 813
377 562 710 761 769 945 1144 1235 1303 1337
182 504 567 903 1585
309 410 811 1030 1233 1389 1738
320 657 727 1693 1721 1828
225 442 461 621 626 932 1053 1298 1510 1662 1718 1726 1861
13 96 610 827 937 1208 1527 1582 1698 1749 1761
225 317 587 801 981 1197 1564 1662
425 606 1231 1523 1599 1738
389 442 621 1176 1725
28 329 1168
331 583 607 667 879
83 125 871 1229
231 667 1005
262
4 613 678 1041 1127 1338 1364 1597
100 472 1058 1162 1454
89 802 1059 1067 1537
91 170 590 773 1108 1851
106 129 366 369 426 430 566 646 793 830 901 1197 1380 1488 1529 1532 1752 1771 1785
119 317 587 614 785 801 803 825 968 1001 1114 1197 1275 1417 1532 1638 1821
435 466 765 901 1096 1150 1268 1464 1536 1553 1566 1744 1774
209 571 900 1071 1191
307 523 1099 1335 1439 1746
96 212 480 826 869 1137 1247 1345 1584
450 995 1069 1360 1424 1450 1701
221 222 667 762 955 1068 1071 1130 1158 1388 1513 1525 1550 1698 1758 1796
380 500 649 680 1409 1524 1703 1722 1806
462 512 798 865 1077
56 548 900 1611
279 427 513 900 1033 1034 1087 1463 1574 1679
139 375 855 1115 1346 1396 1818
404 744 878 901 925 1082 1141 1246 1329 1553 1713 1774
17 29 671 686 1004 1038 1205 1749
224 450 986 1069 1360 1424 1450
321 380 484 591 646 1334
38 629 1133 1300 1497
669 1592 1610
414 565 570 574 599 927 1078 1288 1392 1846
330 545 1298 1581 1810 1834
119 461 587 626 801 804 825 863 932 981 1197 1449 1510 1519 1638 1726 1821
424 547
17 34 226 458 496 554 580 628 671 679 681 686 777 835 844 849 880 918 920 947 952 956 1004 1006 1062 1111 1125 1128 1131 1163 1177 1254 1306 1385 1467 1625 1652 1749 1753 1768 1796 1804 1856
17 29 34 102 123 269 286 318 357 458 468 496 516 554 580 628 632 671 672 681 686 693 700 736 768 777 780 818 835 844 849 858 870 880 882 892 900 922 947 952 954 956 994 1003 1006 1008 1031 1038 1062 1103 1125 1128 1131 1153 1163 1177 1202 1238 1254 1295 1306 1372 1385 1407 1411 1453 1461 1465 1468 1478 1501 1502 1515 1543 1589 1625 1629 1643 1668 1695 1748 1749 1753 1755 1763 1769 1770 1779 1847 1856
251 504 567 673 733 903 974 1585
17 458 496 516 554 632 679 686 777 835 844 882 947 952 954 1003 1004 1031 1125 1128 1131 1163 1202 1205 1295 1306 1411 1461 1467 1468 1643 1654 1748 1749 1753 1763 1769 1770 1856
137 138 139 375 855 1346 1396 1818
318 496 681 835 849 956 1004 1062 1125 1131 1163 1177 1478 1502 1749 1856
45 52 328 517 746 852 1368 1399 1671 1732
410 757 811 933 1436 1486 1548 1738 1781
204 755 1472 1727
295 478 491 676 720 729 883 884 906 934 1063 1167 1216 1241 1286 1466 1575 1607 1728 1802
505 513 754 921 1612
447 553 689 699 907 1101 1429 1521 1710
26 501 527 738 757 933 1309 1486 1548 1642 1781
249 502 778 886 1440 1767
20 54 663 740 1089 1312 1382 1441 1809
245 670 1085 1180 1195 1595 1751
420 711 1095 1484
525 639 736 805 1171 1244 1324 1344 1620 1634 1655 1799 1819
119 803 949 1197 1519 1564
150 522 559 1302 1747 1754
425 1191 1714
66 635 696 701 772 800 817 856 1161 1166 1251 1272 1299 1323 1374 1492 1520 1613 1764
477 552 558 1536 1566 1744
236 832 861 1039 1737
394
308 776 1300 1347
122 514 582 816 868 891 1055 1172 1220 1355 1494 1601 1623 1683 1772
309 555 617 642 682 688 805 879 912 933 964 1122 1233 1427
29 34 318 496 516 554 628 681 835 844 870 880 882 892 900 954 1004 1006 1062 1125 1128 1131 1153 1163 1202 1295 1330 1407 1643 1748 1749 1753 1763 1769 1847 1856
260 597 715 837 1184 1387 1479 1503 1684
129 519 991 1034 1463 1620 1679 1707
38 276 279 556 736 833 991 1033 1463 1517 1620 1626 1679 1707
245 670 713 788 1085 1180 1195 1505 1595 1666 1751
447 907 1226 1289 1434 1521 1710
425 1258 1300 1350 1415 1523
17 286 458 496 554 672 870 880 947 994 1004 1125 1465 1515 1652 1668 1695 1749 1763 1856
236 832 861 1026 1737
596 757 947 1375 1465 1486 1668 1696
4 613 678 976 1127 1338 1364 1597
146 387 1146
94 795 919 953 1317 1840
124 618 828 879 1095 1244 1428 1538 1839
21 344 602 806 839 1190 1386
54 540 563 576 814 860 1322 1471 1649
60
406 515 925 951 1066 1141 1159 1210 1377 1593 1715 1774 1785
37 494 1165 1813
141 143 1784
550 723 1110
377 710 761 769 945 1119 1235 1303 1337
119 124 161 317 621 803 863 966 1197 1417 1449 1510 1545 1573 1817
92 638 1279 1762
122 514 582 643 816 868 891 1029 1172 1220 1355 1494 1557 1601 1623 1683 1772
294 646 1106 1744
330 475 545 688 799 840 949 1256 1298 1581 1810
86 513 609 659 688 805 977 1489 1525
89 698 802 978 1067 1313 1487 1537 1637
277 479 664 864
58 530 786 841 1105 1159 1608 1622 1675 1694 1740
17 187 318 496 628 700 835 849 882 920 1003 1004 1008 1031 1103 1111 1125 1128 1131 1163 1467 1478 1643 1654 1695 1755 1856
295 478 676 720 729 883 884 906 1012 1167 1216 1241 1286 1466 1575 1607 1728 1802
366 1631
46 284 1433 1600 1647 1848
4 339 381 382 404 477 515 542 742 765 925 1048 1255 1292 1377 1536 1744
89 802 978 1059 1313 1487 1537 1637
220 222 527 738 987 1233 1284 1475
224 407 450 986 995 1360 1424 1450 1701
451 482 1517
45 937 983 987 1388
464
211 364 867
1164 1185 1414
165 441 543 1151 1290
4 1406 1604
462 512 798 865 989
414 570 599 926 927 999 1288 1392 1846
4 1406 1563 1604
449 750 756 809 888 1376 1419 1482
402 695 1113 1132 1192 1281 1717 1854
103 435 454 493 644 716 744 765 810 845 878 901 925 951 993 1090 1141 1283 1292 1343 1377 1393 1464 1536 1553 1576 1593 1702 1713 1774 1785
449 507 756 763 764 809 1376 1586 1667
237 1435 1676 1743
245 670 677 713 788 1018 1035 1195 1505 1595 1666
564 616 1232 1401 1773
9 509 991 1116 1517
281 471 693 719 774 824 1169 1191 1523 1651 1686
20 54 663 740 948 957 1017 1312 1382 1441 1809
128 366 435 473 765 901 1082 1255 1361 1702
246 518 660 712 758 850 1481 1594 1805 1807
589 1320 1658
370 1135 1825
240 550 717 1110 1160 1579
711 946 1019 1044 1191 1292 1484 1559 1598 1645
435 744 901 982 1242 1566 1576 1702
337 757 811 895 933 1379 1738 1834
280 520 592 1291 1798
307 523 984 1335 1746
148 179 724
447 553 641 689 699 907 938 1014 1226 1271 1429 1434 1500 1521 1710
155 213 544 705 846 1397 1653
29 269 318 496 516 554 681 835 844 882 920 947 1004 1062 1125 1128 1131 1163 1177 1453 1748 1749 1755 1763
167 220 793 1169 1381
58 530 786 841 1061 1159 1608 1622 1675 1694
294 1056
119 317 324 376 461 770 785 803 863 1147 1197 1560 1564
91 590 773 979 1851
130 338 352 435 742 765 1565 1715 1814
240 550 1051 1094 1160 1845
318 496 776 835 1003 1062 1163 1238 1478 1749
105 467 615 703 1311 1316 1855
402 510 535 695 1081 1132 1281 1717 1854
119 825 863 981 1197 1356 1459 1519 1821
138 139 375 855 992 1346 1818
9 399 509 1087 1181
340 361 1124
276 584 1475 1641 1803
377 710 761 769 1052 1303 1337
309 721 738 840 924 933 1122 1191 1233 1309 1452 1704 1810
303 650 951 1509 1519
360 1030 1120 1298 1427 1581
314
309 442 621 757 1117 1577 1848
17 29 34 318 458 496 516 554 632 671 679 681 686 768 777 812 835 844 849 870 947 954 1003 1004 1006 1008 1031 1038 1062 1103 1128 1153 1163 1177 1198 1202 1295 1372 1407 1467 1468 1478 1515 1543 1643 1654 1748 1749 1753 1755 1763 1768 1769 1770 1847 1856
435 476 604 717 794 867 928 1173 1228 1358 1499 1517 1566 1579 1628 1644 1744 1800 1852
4 613 678 976 1041 1338 1364 1597
17 318 458 496 554 671 681 736 777 892 952 1003 1004 1006 1031 1062 1103 1125 1131 1153 1163 1177 1198 1254 1306 1372 1385 1453 1468 1543 1643 1749 1755 1763 1769 1847 1856
104 109 548 1672
85 221 222 987 1158 1209 1304 1625
17 29 34 318 458 496 554 628 632 768 835 849 882 947 1003 1004 1006 1008 1031 1062 1103 1128 1163 1177 1198 1295 1330 1467 1502 1516 1543 1643 1652 1763 1856
402 535 695 1081 1113 1281 1717
154 476 571 646 654 997 1142 1169 1497 1566
622 1771
83 1093
102 508 636 910 930 1217 1371 1652
96 480 869 985 1247
86 381 477 646 665 717 929 1732
102 508 532 651 877 930 1189 1371 1431 1827
178 690 1278 1307 1357 1451 1578 1712
128 406 435 477 493 515 735 744 993 1048 1082 1159 1377 1715 1744
301 566 1133 1380 1568 1852
456 561 605 939 1213 1421 1603
377 710 761 945 962 1235 1303 1337 1841
390 611 1512
336 363 1042 1573 1834
119 317 324 1107 1449 1510 1519 1545 1560
44 162 163 1404 1617 1650
313 603 1225 1248 1445 1788
130 466 982 1301 1329 1566
165 441 942 1075 1290
63 463 623 646 1744
17 34 458 468 496 554 844 870 880 900 947 1004 1031 1125 1128 1254 1407 1461 1468 1535 1589 1652 1748 1763 1847 1856
88 125 871
218 1296
29 521 671 818 947
210 818 1755 1783 1842 1843 1859
222 955 987 1130 1209 1388 1513
406 435 515 530 786 841 1048 1061 1105 1141 1244 1377 1464 1608 1622 1675 1694 1740 1774
240 550 1094 1110 1845
66 635 696 701 772 800 817 856 1024 1166 1251 1272 1299 1492 1520 1613 1764
100 472 694 977 1454 1588
29 269 318 458 496 516 554 580 671 681 686 777 835 844 870 882 892 920 952 954 1003 1004 1006 1008 1031 1062 1103 1111 1125 1128 1131 1177 1198 1199 1238 1254 1295 1330 1372 1385 1407 1468 1478 1515 1516 1643 1652 1748 1749 1755 1763 1769 1856
1074 1185 1414
37 494 1049 1813
66 635 696 701 772 800 817 856 1024 1161 1251 1272 1299 1323 1492 1520 1613 1764
295 883 1012 1063 1241 1286 1575
971 1837
172 208 484 586 799 867 1088 1104 1133 1215 1228 1324 1517 1559 1782
550 611
188 247 249 639 1020 1237 1331 1446 1655
122 514 643 816 868 891 1029 1055 1220 1355 1494 1557 1601 1623 1683 1772
717 829 857 1126 1228 1358 1418 1628 1677
211 675 767 918
1227 1475 1738
389 442 621 970 1725
17 34 318 458 496 628 681 777 835 844 849 882 1003 1004 1008 1103 1125 1128 1131 1163 1306 1467 1643 1749 1755 1769
99 1696 1765
256 925 1243 1423 1750
245 677 788 1018 1035 1195 1505 1595 1666 1751
366 399 505 556 1116
275 1200
461 932 1197 1298 1510 1726
260 715 837 1032 1270 1387 1479 1503 1619 1684
157 367 1074 1164 1414
228 743 1274 1401 1773
151 254 709
395 789 1222 1359 1408 1456 1674 1791
226 508 532 595 636 877 910 930 1139 1371 1793 1827
21 207 602 806 839 1045 1342 1704
303 316 556 693 719 833 983 1023 1088 1095 1120 1239 1292 1309 1488 1577 1651 1686 1826 1853
402 510 535 695 1081 1281 1854
59 469 583 1446 1642 1687
202 324 626 770 932 1197 1375 1510 1542 1726 1861
245 670 677 713 1018 1035 1085 1180 1595 1666 1751
380 889 1212 1315 1731 1745
119 317 324 376 461 485 587 614 770 785 801 803 804 863 890 932 968 980 981 1001 1021 1053 1107 1114 1183 1194 1275 1298 1356 1510 1519 1532 1564 1596 1638 1726 1792 1821
17 269 279 318 326 496 736 835 882 952 1125 1128 1131 1163 1516 1517 1547 1755 1763
269 496 1163 1748 1749 1856
275 1182 1269
424 547 1462 1616 1822 1824
17 34 496 516 554 580 679 686 693 736 777 835 844 849 880 922 947 954 1004 1006 1031 1125 1254 1295 1306 1372 1407 1411 1468 1643 1652 1749 1753 1763 1769 1847
416 631 652 704 822 943 1391 1496 1858
152
34 286 672 818 994 1006 1461 1515 1748 1749 1763
739
392
610 827 967 1611
221 222 767 1130 1158 1513 1853
406 435 473 873 1048 1702
49 1214 1444 1504 1670
380 889 1196 1297 1315 1731 1745
456 561 605 939 1143 1421 1603
49 1211 1444 1504 1670
734 1169 1570 1626
295 478 491 676 720 729 883 884 906 1012 1063 1241 1286 1466 1575 1607 1728 1730 1802
3 102 121 187 227 257 508 636 648 651 656 930 1136 1652
287
31 607 658
122 514 582 643 816 868 891 1029 1055 1172 1355 1494 1557 1601 1623 1683 1772
271 629 918 1244 1758 1853
395 692 789 1188 1359 1408 1456 1674 1791 1859
11 828 1636
256 435 566 742 1292 1420 1566 1744 1785
313 603 1149 1248 1445 1788
447 641 689 699 907 938 1036 1101 1271 1289 1429 1434 1500 1521 1710
258 1175
435 604 717 723 794 797 857 867 928 1126 1169 1173 1257 1358 1418 1517 1566 1628 1644 1744 1785 1800
125 370 871 973
22 821 1506 1561 1621
188 281 425 969 1342 1523 1714
371 616 651 1086
309 330 410 555 557 585 607 617 757 779 811 847 912 933 964 1030 1068 1120 1389 1452 1489 1493 1549 1587 1738 1834
191 524 620 885 1310 1457
377 710 761 769 945 962 1052 1144 1337 1841
53 67 497 1293 1395 1551 1716
285 639 1171 1331 1655
34 496 516 844 870 880 1004 1111 1163 1295 1461 1468 1748 1749
26 900 904 1191 1488 1515 1550 1796
71 646 960 1242 1422 1744 1750 1852
295 478 625 676 720 883 884 906 934 1012 1063 1167 1216 1286 1466 1575 1607 1728 1802
242 321 446 645 742 951 1096 1240 1318 1351 1485 1539 1566 1832
214 377 542 1179 1750 1832
127 154 192 435 457 519 646 661 733 794 829 901 1020 1044 1159 1221 1285 1324 1329 1509 1517 1551 1568 1799 1835 1837
453
349 426 575 771 867 993 1352 1566 1593
96 111 480 693 826 869 985 1137 1345 1570 1665
313 603 1149 1225 1445 1788
140 564 1340
342 568 815 1530 1615 1659 1706 1844
66 635 696 701 772 800 817 856 1024 1161 1166 1272 1299 1323 1492 1520 1613 1764
38 767 1517 1853
124 634 1375 1542 1861
34 106 468 496 580 671 679 686 780 844 849 870 882 947 1003 1004 1128 1153 1163 1202 1372 1468 1695 1749 1763 1770
446 742 810 1066 1090 1536 1541 1566 1744
93 799 893 1057 1298 1596 1718 1810
435 1228 1709 1711
309 410 581 757 780 811 879 912 923 1037 1435 1491 1548 1549 1738
366 901 1301 1464 1553
115 823
351 483 598 881 1522 1734 1780
263 759 1606 1785
301 431 654 808
389 442 621 1725
382 435 716 735 792 1292 1464 1566 1644
419 573 588
54 335 359 445 618 661 1428 1469 1783
391 435 477 588 726 765 951 982 1348 1352 1384 1536 1566 1724 1760
275 1200
260 597 715 837 1184 1387 1479 1503
447 553 641 689 699 907 938 1101 1226 1289 1429 1434 1521 1710
66 635 696 701 772 800 817 856 1024 1161 1166 1251 1299 1323 1374 1492 1520 1613 1764
201 556 566 739 831 1517 1729
42 157 228 616 656 858 887 1186 1401 1414 1652 1773
225 317 324 461 587 801 804 863 949 981 1197 1341 1413 1510 1519 1534 1564 1662 1821
204 851
1671
178 690 1140 1307 1357 1451 1578 1712
92 276 388 638 1054
107
402 510 535 695 1081 1113 1132 1192 1717 1854
215 343 936 1518 1568 1756
242 765 1082 1393 1669 1702 1744
52 609 738 776 1068 1350 1452 1475 1493 1528
454 1244 1566
295 478 491 625 676 720 729 883 884 906 934 1012 1063 1167 1216 1241 1466 1575 1607 1728 1802
303 533 1353 1744
414 565 574 599 926 927 999 1078 1392 1846
447 641 689 907 938 1036 1226 1271 1429 1434 1500 1521
158 165 440 441 543 942 1075 1151 1633 1833
355 379 520 592 935 1098 1412 1798
192 454 717 840 1066 1082 1095 1191 1224 1265 1377 1651
53 497 1236 1395 1443 1551 1716
4 489 894 1563 1604 1657 1735 1831
34 458 496 516 628 686 777 1004 1006 1031 1125 1131 1163 1202 1238 1643 1749 1763 1856
218 1155
380 889 1212 1315 1731 1745
93 119 124 220 225 330 461 475 626 634 658 688 799 804 893 932 946 966 1000 1057 1122 1183 1197 1256 1321 1398 1474 1542 1556 1581 1596 1606 1656 1718 1726 1810 1834 1861
66 635 696 701 772 800 817 856 1024 1161 1166 1251 1272 1323 1374 1492 1520 1613 1764
41 247 250 283 285 319 546 776 862 879 918 997 1028 1037 1460 1573 1634 1691 1826
64 195 211 465 466 726 748 1150 1259 1329 1348 1384 1464 1485 1702
150 522 559 1022 1747 1754
377 562 710 761 769 945 962 1052 1119 1144
23 858 918 1130 1513 1529 1626 1771
180 276 787 896 947 1677 1842
17 458 496 679 700 818 835 880 1003 1004 1006 1128 1177 1202 1372 1502 1643 1749
16 178 690 1140 1278 1357 1451 1578 1712
102 121 187 1827
70 234 309 738 757 764 924 1015 1120 1191 1475 1538 1548 1577 1599 1600 1611 1830
191 524 620 836 885 1234 1438 1457
105 467 615 703 1112 1316 1855
20 663 740 948 1017 1089 1382 1441 1809
89 802 1059 1067 1487 1537 1637
244 619 747 1515 1739 1859
380 889 1196 1212 1297 1731 1745
105 467 615 703 1112 1311 1855
94 795 919 953 1043 1569 1840
40 435 465 566 646 742 748 845 854 1242 1348 1464 1485 1760 1832 1852
371 1734
46 539 1092
475 626 799 932 1298 1596
54 540 563 576 814 860 1046 1349 1471 1649
66 635 696 701 772 800 817 856 1024 1166 1251 1272 1299 1492 1520 1613 1764
86 721 1020 1169 1244 1344 1799
131 503 586 828
4 662 714 751 784 790 876 1554 1583 1639
266 753 1460 1555 1567 1860
45 222 468 471
47 64 103 192 400 435 454 748 901 993 1150 1244 1301 1361 1544 1644 1713 1799 1852
458 882 1031 1131 1163 1755
59 248 249 285 525 879 1171 1237 1344 1655 1682 1755
490 655
140 616 1734
321 435 477 646 742 996 1352 1377 1744
307 523 984 1099 1439 1746
16
377 710 761 769 945 962 1052 1119 1144 1235 1841
4 613 678 976 1041 1127 1364 1597
217 637 732 1624
142 1249
225 949 1275 1413 1534 1564 1662
45 109 281 337 425 548 556 831 956 1190 1231 1816
665 735 901 940 1082 1361 1553 1566 1724
249 525 639 879 1020 1324 1331 1642 1682 1691 1819
96 111 693 826 869 985 1247 1570 1665
137 138 139 375 731 855 992 1007 1115 1396 1818
918 1028
195 211 405 435 466 748 845 854 878 1268 1301 1318 1384 1464 1485 1628 1744 1760 1852
54 540 563 576 860 1322 1649 1829
52 501 693 738 757 776 1037 1284 1373 1452 1488 1634 1808
71 623 742 1242 1485 1566 1744
374 623 859 1246 1268 1334 1697 1832
303 481 533 848 1287 1497
68 73 1848
122 514 582 643 816 868 891 1029 1055 1172 1220 1494 1557 1601 1623 1683 1772
119 317 785 825 1114 1197 1510 1519 1638 1821
178 690 1140 1278 1307 1451 1578 1712
405 435 482 717 723 829 857 867 928 1126 1173 1228 1485 1579 1628 1800 1852
395 692 736 789 1188 1222 1408 1591 1674 1791
224 387 450 986 995 1069 1450 1701 1849
353 435 646 665 1090 1329 1343 1485 1566 1724 1750
189 203 224 323 776 1549
106 444 651
4 613 678 976 1041 1127 1338 1597
199
27 1690
360 527 931 933 1489 1549
144 455 746 1009
84 691 853 913 1635 1663
31 546 745 848 1558
226 508 532 651 877 930 1136 1139 1189 1827
29 496 580 628 844 1004 1125 1128 1163 1202 1254 1306 1643 1695 1749 1763 1768 1804 1856
36 776 1350 1808
66 635 696 701 800 856 1024 1272 1299 1492 1613 1764
460 909 1040 1194 1253 1861
449 507 750 756 763 764 809 888 1080 1083 1419 1667
40 515 744 840 898 925 1048 1066 1082 1141 1159 1292 1334 1566 1576 1593 1814
155 213 544 705 846 1397 1653
45 329 425 548 556 1097
366 430 646 793 980 1142 1536 1857
484 1104 1552 1618
20 54 740 1017 1089 1312 1441 1809
321 552 646 1536 1553
195 465 742 748 829 1268 1301 1348 1566 1744 1800
17 34 496 681 892 1003 1004 1128 1163 1468 1515 1643 1748 1749 1763 1769
21 806 839 1045 1493
260 531 837 1032 1184 1270 1503 1794
221 955 987 1071 1158 1513
410 555 557 811 933 964 1233 1834
80 593 600
416 631 652 704 822 943 1203 1496 1858
414 565 570 574 927 999 1078 1288 1846
255 829 1082 1283 1669 1750
366 776 1757 1758
53 497 1236 1293 1443 1716
137 138 139 375 731 855 992 1007 1346 1818
544 846 1102 1378
172 634 799 804 1298 1861
45 328 517 852 1009 1732
321 463 575 594 646
564 616 656 1086 1186 1274 1773
1852
403 901
44 162 163 1148 1617 1650
166
4 538 1076 1079 1563 1604 1657 1831
17 34 554 672 681 686 844 849 870 880 947 1004 1031 1125 1153 1163 1202 1461 1468 1528 1643 1695 1748 1749 1763 1770 1847
395 692 789 1188 1222 1359 1456 1674 1791
380 500 649 680 915 988 1524 1703 1722 1806
426 646
34 458 777 1004 1006 1202 1515 1516 1643 1763
322 536 1291
225 250 1275 1341 1510 1534 1545 1726 1821
157 1074 1164 1185 1274
425 505 548 1037 1796 1816
1529
119 317 803 825 981 1053 1510 1556 1638
14 624 717 1173 1228
231 750 809 1080 1376 1482
646 797 1224 1553 1566 1702
456 561 605 939 1143 1213 1603
366 575 666 749 1240 1664 1744 1750 1832
1179 1669
224 450 986 995 1069 1450 1701
14
360 430
289 360 904 1030 1122
335 618 1044 1267 1469 1736
447 689 699 938 1014 1101 1226 1271 1289 1434 1500 1521
287 537
121 508 877 930 1139 1827
169
46 1065 1600 1647 1848
447 689 699 907 938 1036 1101 1226 1271 1289 1429 1500 1521
237 410 1084 1258 1676 1743
123 384 862 914 1010 1548 1789
43 617 935
191 524 620 836 885 1310 1457
307 523 984 1335 1746
249 502 778 1016 1767
20 54 663 740 948 957 1017 1089 1312 1382 1809
767 908 1626 1748 1749
53 497 1293 1395 1716
49 1211 1214 1504 1670
313 603 1149 1225 1248 1788
59 469 1171 1193 1687
274 413 901 1669
134 529 1627 1648 1775 1776
119 634 1001 1053 1147 1510 1519 1545
224 450 986 995 1069 1360 1424 1701 1849
178 1140 1278 1307 1357 1578 1712
309 410 581 617 721 738 757 811 924 933 1120 1233 1284 1350 1475
17 947 952 1004 1103 1128 1749
100 472 694 977 1162
113
395 692 789 1188 1222 1408 1674 1791
191 524 620 836 885 1234 1310 1438
101 149
408 767 1114
341 607 659 1300 1327 1771 1859
29 34 468 496 554 870 880 947 1004 1006 1153 1205 1238 1407 1589 1652 1668 1748 1749 1763
424 547 1201 1616
279 991 1033 1034 1574 1679 1707 1758
18 47 381 400 426 435 454 575 608 645 748 749 845 867 901 982 1082 1159 1259 1265 1301 1318 1348 1544 1702 1713 1760 1800
286 496 672 947 1004 1038 1040 1668
295 478 491 625 676 720 729 883 884 906 934 1012 1063 1216 1241 1286 1575 1607 1728 1802
318 458 496 681 835 849 1003 1006 1062 1125 1131 1177 1502 1643 1749 1755
29 34 160 276 458 471 496 516 554 671 686 768 777 812 844 870 880 1004 1006 1125 1128 1153 1163 1202 1238 1254 1385 1407 1501 1502 1515 1528 1543 1643 1749 1755 1763 1779 1787 1856
183 335 1267 1428
410 593 1493 1555 1707
54 563 576 814 860 1046 1322 1649 1829
204 755 1011 1727
54 154 263 1533
220 475 653 893 1298 1810
52 276 410 422 584 607 738 896 924 933 941 1068 1118 1175 1284 1309 1452 1549 1556 1641 1803
277 479 664 1833
215 343 1490 1518 1568 1756
29 34 318 496 681 777 849 1004 1008 1062 1111 1125 1163 1643 1680
260 597 837 1032 1184 1270 1684
246 518 712 872 1481 1805 1807
246 518 660 712 758 850 872 1091 1480 1594 1609 1805 1807
449 750 809 888 1080 1419 1811
299 608 921
420 711 1019 1095
40 405 435 446 646 742 845 951 1242 1301 1318 1348 1351 1358 1361 1536 1566 1744 1760 1800 1832
323 410 776 912 933 947 1010 1015 1040 1549 1781
89 802 1059 1067 1313 1537 1637
159 177 209 210 281 693 908 980 1191 1239 1350 1509 1529 1550 1765 1853
410 1058 1233 1367 1581 1599
215 343 1477 1518 1568 1756
410 607 914 1258 1781
66 635 696 701 772 800 817 856 1024 1161 1166 1251 1272 1299 1323 1374 1613 1764
412 425 464 617 754 933 1233 1284 1386 1470
122 514 582 643 816 868 891 1029 1055 1172 1220 1355 1557 1601 1623 1683 1772
385 1533
416 631 652 704 822 943 1203 1391 1858
171 566 661 685 808 997 1133 1353
421
405 435 716 792 867 1126 1628 1744
447 938 1101 1226 1289 1429 1434
318 496 858 892 954 1004 1468 1652 1763
17 458 628 681 812 835 844 849 1004 1008 1131 1306 1467 1468 1749
260 597 715 837 1032 1184 1270 1387 1619 1684
49 1211 1214 1444 1670
245 670 788 1035 1085 1180 1666 1751
22 821 1230 1561 1621
73
2 81 194 197 334 1605
54 490 1121 1244 1488 1660
119 317 324 770 803 966 1001 1053 1147 1183 1194 1197 1275 1356 1413 1417 1449 1519 1532 1545 1573 1638 1817 1821
198 488 601 687 944
390 611 1145
221 987 1158 1209 1304 1388 1799
526 1742 1790
29 45 52 318 496 516 554 607 629 651 818 858 880 900 922 947 1004 1038 1125 1163 1205 1239 1314 1385 1411 1468 1535 1652 1668 1748 1749 1763 1847 1856 1859
318 835 858 880 1131 1163 1198 1411 1652 1749
38 156 300 304 378 426 482 644 717 803 819 1034 1070 1087 1126 1169 1198 1228 1244 1252 1273 1566 1574 1642 1686 1707 1757 1850
215 343 1282 1477 1490 1568 1700
82 324 587 634 770 801 804 1001 1021 1114 1121 1147 1197 1275 1356 1449 1510 1638 1821 1861
66 635 696 701 772 800 817 856 1024 1161 1166 1251 1272 1299 1323 1613 1764
447 553 641 689 699 907 1014 1036 1101 1226 1271 1289 1429 1434 1710
351 483 598 881 1261 1734 1780
281 362 425 693 824 969 1037 1088 1231 1853
380 500 680 915 988 1409 1703 1722 1806
617 912 933 987 1058 1758
337 693 811 931 1723 1816
13 610 827 869 967 1582 1665
3 554 736 922 1284 1407 1468 1758 1763
369 527 668 682 908 980 1304 1416 1488 1853
1 342 568 633 815 1250 1615 1659 1689 1823 1844
75 791 1720
119 317 376 614 770 803 804 863 890 909 980 981 1197 1510 1638 1792 1817
56 86 322 1473 1495 1550 1552 1748 1853
225 949 1275 1341 1413
396 947 1153 1515 1589 1668 1696
4 435 473 477 486 538 588 644 646 742 760 765 845 867 901 951 982 1025 1066 1082 1255 1268 1380 1383 1485 1566 1702 1724 1814
89 802 978 1059 1067 1313 1487
234 764 916 1044 1309
321 373 446 465 623 645 742 1242 1553 1744 1785
326 425 606 824
349 477 654 1255
626 1194 1253 1298 1606
29 496 554 818 870 880 1004 1125 1128 1131 1468 1547 1652 1654 1668 1748 1749 1755 1763
64 400 435 454 867 1329 1464 1713
124 250 634 1053 1147 1413 1449 1510
270 397 410 634 757 843 933 1638
90 1198 1543
398 410 642 757 914 924 933 1010 1015 1258 1309 1436 1789
358 410 527 642 738 904 912 933 1233 1258 1362 1367 1475 1486 1556 1581 1761 1820
45 693 908 987 1239 1488 1533 1839
40 53 67 349 477 898 1236 1244 1293
38 116 211 654 918 958 1381 1533 1572 1618 1744 1783 1853
4 130 353 435 446 573 623 646 742 771 845 901 940 951 982 993 1082 1259 1343 1383 1420 1539 1669 1702
4 662 714 751 784 790 876 1326 1583 1639
629 675 859 1327 1470
26 39 270 410 757 785 825 834 933 937 1298 1417 1475 1549 1696 1698
122 514 582 643 816 891 1055 1172 1220 1355 1494 1601 1623 1683 1772
55 272 745 820 1370
1095 1169 1598
119 317 485 785 863 1107 1147 1638
22 821 1230 1506 1621
366 1631
4 489 538 894 1079 1294 1406 1604 1657 1735 1831
119 376 803 968 1021 1107 1197 1275 1341 1662 1821
216 352 476 749 1109 1744 1852
4 38 40 57 87 256 302 321 339 353 382 391 406 415 426 435 446 448 466 473 474 486 566 573 588 622 646 665 726 735 744 808 829 845 867 873 982 1025 1096 1126 1133 1150 1224 1228 1242 1246 1255 1265 1268 1285 1343 1351 1361 1377 1384 1420 1485 1517 1536 1579 1702 1705 1724 1744 1785 1835 1852
266 753 1327 1860
215 343 644 936 1142 1244 1282 1477 1490 1518 1590 1700 1756 1795
94 795 919 953 1317 1840
111 212 826 914 1215 1247 1345 1584
248 741
211 707 1552
319 1053 1146 1300 1510
279 378 427 482 519 867 918 991 1463 1517 1679 1850
295 478 491 676 720 729 883 884 906 934 1012 1063 1167 1216 1241 1286 1466 1607 1728 1730 1802
159 484 644 1082 1096 1377 1713
9 811 895 1124 1191 1309
178 690 1140 1278 1307 1357 1451 1712
38 54 235 435 499 550 604 608 624 717 797 867 928 1094 1126 1358 1566 1661 1845
287
220 330 642 779 879 893 1000 1057 1122 1298 1489 1549 1718
13 610 869 967 1527 1611
4 662 714 751 784 790 876 1326 1554 1639
480 826 985 1570
89 567 903 963 1005 1612 1714
449 507 763 809 888 1083 1667 1811
617 933 1233 1708
100 472 694 1162
34 496 554 693 844 870 880 900 1004 1153 1461 1535 1668 1748 1749 1763 1769
215 343 1568 1756 1795
395 738 818 947 1359 1634 1859
193 283 669 683 998 1610
4 349 406 515 925 951 1048 1082 1246 1377 1646
246 518 660 712 758 850 872 1091 1481 1609 1805 1807
245 670 677 713 788 1018 1035 1085 1180 1195 1666 1751
93 461 863 932 949 1197 1256 1298 1321 1718 1726 1861
4 613 678 976 1041 1127 1338 1364
513 1095 1559
410 757 775 811 831 895 969 1309 1489 1600 1738 1741
46 1065 1309 1433 1599 1647 1848
122 514 582 643 816 868 891 1029 1055 1172 1220 1355 1494 1557 1623 1683 1772
311
456 561 605 939 1143 1213 1421
4 894 1076 1079 1294 1406 1563 1735 1831
194 197 1508
54 626 634 804 1262 1298 1542
295 478 491 676 720 729 883 884 906 934 1012 1063 1216 1241 1286 1466 1575 1728 1802
58 530 841 1061 1105 1159 1622 1675 1740
246 660 712 758 872 1481 1594 1807
283 669 683 998 1592
111 610 811 827 895 990 1208 1309 1582 1761
1013 1585 1637
66 635 696 701 772 800 817 856 1024 1161 1166 1251 1272 1299 1323 1374 1492 1520 1764
629 793 918 1838
1 342 568 815 1250 1530 1659 1689 1706 1823 1844
424 547 1201 1462 1822 1824
44 162 163 1148 1404 1650
216 326 646 918 958 1381 1552 1759
260 597 715 837 1184 1503 1684
265 754 1020 1033 1034 1783
22 821 1230 1506 1561
58 530 1061 1105 1159 1608 1675 1694 1740
122 514 582 643 816 891 1029 1055 1172 1220 1355 1494 1557 1601 1683 1772
217 637 732 1339
29 521 1003 1004 1130 1748
24 116 129 646 783 1034 1215 1304 1442 1853
134 529 1448 1648 1775 1776
405 435 716 723 829 857 911 928 1126 1173 1228 1348 1358 1499 1852
269 580 844 947 1004 1777 1856
126 725
366 1064 1562
214
165 441 543 942 1290
17 34 106 496 528 607 672 682 776 793 879 923 1020 1300 1350 1591
84 691 853 913 1369 1663
11 828 1223
89 1059 1067 1313 1487 1612
119 317 587 757 825 843 981 1001 1197 1356 1417 1510 1519 1532 1546 1560 1821
4 662 714 751 784 790 876 1326 1554 1583
180 840
276 584 896 941 1118 1475 1803
59 639 1015 1193 1344 1517 1682
17 269 318 458 496 516 554 681 686 777 812 835 844 849 880 892 947 954 1004 1006 1031 1062 1125 1128 1131 1163 1177 1202 1295 1306 1372 1385 1407 1411 1467 1468 1478 1654 1748 1749 1753 1763 1769 1770
103 454 716 1126 1228 1265 1329 1646
425 505 946 1095
103 255 406 454 515 744 1593 1644
46 73 1065 1433 1600
134 529 1448 1627 1775 1776
54 540 563 576 814 860 1046 1322 1349 1471 1829
44 162 163 1148 1404 1617
316 774 1088 1191 1292
102 226 257 554 648 656 858 880 887 917 1003 1038 1131 1136 1153 1163 1202 1217 1274 1461 1501 1515 1516 1543 1748 1749 1755 1763
155 213 579 705 1102 1378
29 318 496 1006 1062 1125 1543 1643
249 639 1020 1171 1237 1331
93 545 799 1298
4 489 894 1294 1406 1563 1735 1831
409 1092
342 568 633 815 1250 1530 1615 1689 1706 1823 1844
180 738 774 781 793 840 1509 1752
185 234 276 301 435 511 526 593 728 808 867 901 1579 1686 1742 1790
225 634 966 968 1275 1341 1564
84 691 853 913 1369 1635
205 366 427 666 808 1422
13 45 396 548 869 900 908 916 1247 1345 1527 1698 1816
245 670 677 713 788 1035 1085 1180 1195 1505 1595 1751
449 507 750 756 763 809 888 1083 1376 1586 1811
286 521 672 679 738 818 862 870 882 1004 1038 1040 1461 1465 1515 1535 1543 1589 1748 1749 1763
63 352 438 515 901 1283 1393 1423 1447 1553 1750
49 1211 1214 1444 1504
45 396 517 746 1009 1277
369 1129 1816
204
395 692 789 1188 1222 1359 1408 1456 1791
58 530 786 841 1061 1105 1159 1608 1622 1694 1740
237 1084 1435 1743
180 717 818 1173 1305
168 1786
279 991 1033 1034 1463 1574
459 607 776 1478
61 226 371 595 835 877 1793
249 469 525 639 879 1331 1344 1642 1691 1819
122 514 582 643 816 868 891 1029 1055 1172 1220 1355 1494 1557 1601 1623 1772
260 597 715 837 1032 1184 1479 1503 1619
386 787 1692
9 526 685 808 1088 1191 1517 1661 1742 1790
59 469 583 741 1193 1446
325 874
342 568 815 1530 1615 1659 1706 1823 1844
27 1366
247 249 639 879 1300 1344 1682
386 787 918 1685
320 657 727 965 1721 1828
58 530 786 841 1061 1105 1159 1622 1675
17 34 580 671 681 686 736 844 849 880 947 954 1004 1038 1062 1254 1372 1407 1748 1749 1763 1804
99 129 327 331 350 501 947 1040 1178 1535 1556 1765
354 1352
13 39 900 916 937 967 987 1556 1665 1761 1789
115 823
215 343 936 1518 1568
224 407 450 986 1069 1360 1424 1450
404 435 646 726 760 765 797 867 901 1082 1090 1096 1210 1283 1301 1420 1464 1536 1553 1566 1724 1774 1800
380 500 649 680 988 1409 1524 1806
116 326 1120 1190
382 570 1566
1 342 815 1250 1615 1659 1689 1823 1844
85 129 279 505 1033 1034 1463 1470 1517
433 721 1587
383 435 511 697 716 867 1257 1711
447 553 689 699 907 1014 1036 1101 1226 1271 1521
383 511 1257 1709
178 1140 1278 1307 1357 1451 1578
47 192 748 901 993 1082 1329 1464 1544 1576
109 166 281 362 425 432 434 442 600 1023 1231 1585
32 645 1048 1109 1141 1744
53 497 1236 1293 1395 1443
402 510 535 1081 1113 1132 1281
93 475 799 932 966 1256 1298 1581 1596 1810
113 282 1801
74 219 1531
320 657 727 965 1693 1828
380 500 680 988 1409 1524 1806
48 337 557 693 706 738 811 924 931 933 1526 1816 1820
435 446 810 901 1268 1343 1361 1536 1566 1702 1774
389 442 621 970 1176 1264
435 460 461 646 863 932 949 966 1001 1183 1194 1197 1298 1413 1596 1792
204 755 1011 1472
295 478 491 625 883 884 906 934 1012 1063 1216 1241 1286 1466 1575 1607 1802
325 551 818 1273
295 625 883 906 1216 1575
380 889 1196 1212 1297 1315 1745
45 328 517 746 852 1009 1138 1399
95 492 1838
351 483 616 881 897 1261 1319 1333 1522 1780
4 489 894 1294 1563 1604 1657 1831
335 618 1428
236 832 861 1026 1039
306 410 617 757 779 811 895 924 933 964 969 1010 1097 1175 1233 1258 1599
244 619 1314
58 786 841 1061 1159 1608 1622 1675
65 337 831 895 1599
526 719 1514 1661 1686 1790
237 757 1084 1435 1676
40 57 71 127 191 214 216 256 290 321 338 405 426 435 446 448 473 515 542 566 573 588 645 646 654 766 810 829 845 867 878 929 982 1025 1056 1066 1126 1141 1152 1224 1228 1240 1255 1283 1287 1334 1348 1351 1384 1422 1485 1499 1539 1552 1565 1566 1715 1760 1814 1832
380 889 1196 1212 1297 1315 1731
307 523 984 1099 1335 1439
150 522 559 1022 1302 1754
17 29 286 458 468 496 554 580 628 679 681 693 762 818 844 870 880 892 900 922 947 1004 1006 1031 1103 1125 1153 1163 1199 1205 1238 1385 1407 1442 1461 1515 1533 1543 1589 1625 1643 1652 1668 1695 1749 1753 1763 1796 1816 1847 1856
17 29 123 160 269 458 468 496 516 554 580 628 632 671 672 679 681 686 693 700 777 812 818 835 844 858 870 880 882 920 947 954 967 994 1003 1004 1006 1008 1031 1038 1103 1111 1125 1128 1163 1177 1199 1202 1205 1238 1254 1295 1306 1372 1385 1407 1442 1453 1461 1467 1468 1502 1515 1516 1543 1589 1643 1652 1668 1695 1748 1753 1755 1763 1769 1770 1779 1796 1856
216 1179 1240 1243 1361 1393 1422 1669
245 670 677 788 1018 1035 1180 1195 1505 1595 1666
233 484 591 650 776 980 1660
29 496 844 880 947 1003 1004 1006 1031 1125 1202 1643 1748 1749 1763
150 522 559 1022 1302 1747
3 29 318 319 458 496 516 554 671 844 849 882 920 1004 1062 1103 1125 1128 1157 1163 1177 1198 1330 1331 1467 1468 1543 1652 1749 1763 1856
215 343 936 1282 1477 1490 1568 1590
366 767 793 1394 1517
129 210 675 693 776 987 1221 1394 1463 1525 1528 1783 1843
661 1618
40 466 726 742 748 765 1268 1318 1348 1464 1485 1744 1800 1852
45 281 621 757 811 895 914 967 1549 1611 1698
92 638 1054
17 29 34 269 458 468 496 516 554 580 648 671 672 681 686 777 780 835 844 849 858 870 880 882 917 947 1004 1006 1031 1038 1103 1125 1128 1131 1153 1163 1198 1202 1205 1254 1295 1372 1385 1407 1411 1461 1468 1501 1515 1528 1543 1589 1643 1652 1668 1695 1748 1749 1753 1755 1770 1779 1847 1856
66 635 696 701 772 800 817 856 1024 1161 1166 1251 1272 1299 1323 1374 1492 1520 1613
331 947 1178 1488 1696
25
249 502 778 886 1016 1440
29 318 580 736 1003 1125 1372 1804 1856
17 458 496 679 681 892 954 1004 1006 1031 1125 1128 1163 1177 1202 1385 1589 1643 1749
17 34 269 496 554 671 681 812 835 844 870 947 1004 1006 1125 1254 1407 1643 1749 1763 1847
33 844 980 1134 1304 1460
122 514 582 643 816 868 891 1029 1055 1172 1220 1355 1494 1557 1601 1623 1683
228 616 858 887 1086 1186 1274 1401
435 477 665 742 925 982 993 1048 1082 1159 1702 1724
134 529 1448 1627 1648 1776
134 529 1448 1627 1648 1775
315 672 1629 1787
734 918
17 496 671 686 1004 1468 1749 1763
351 483 598 881 897 1261 1522 1734
323 933 1010 1015 1486 1491
273 1169
74 308 591 644 793 918 1157 1267 1552 1620 1758
141 143 1050
256 366 435 463 477 573 646 744 980 1048 1082 1224 1228 1262 1539 1566
168 219 1678
315 672 954 1468 1777
313 603 1149 1225 1248 1445
224 384 862 900 1436 1548 1698 1856
78 526 1514 1661 1686 1742
395 692 789 1188 1222 1359 1408 1456 1674
317 376 614 722 803 804 863 909 949 1197 1532 1726
61 595 877 1189 1681 1827
519 759 1387
215 343 1568 1590
350 501 776 987 1003 1239 1415 1748 1749
72 304 811 819
291 322 355 520 536 592 1098 1291
410 734 736 844 1020 1244 1324 1329 1513
195 380 381 382 405 435 608 829 867 911 951 1126 1228 1358 1384 1464 1485 1702 1760 1852
113 282 1719
295 478 491 676 720 729 883 884 906 934 1012 1063 1216 1241 1286 1466 1575 1607 1728
276 584 896 1118 1475 1641
34 496 580 671 679 947 1003 1372 1695 1768
246 518 660 712 758 850 872 1091 1480 1481 1594 1807
380 649 680 915 988 1409 1524 1703 1722
246 518 660 712 758 850 872 1091 1480 1481 1594 1609 1805
36 1350 1373
20 54 663 740 948 957 1017 1089 1312 1382 1441
220 330 475 893 1000 1057 1120 1256 1298 1474 1718
750 809 1482 1586 1667
108 495 560 708 737
37 494 1049 1165
321 542 1109 1377 1536 1744
86 659
337 423 693 931 1342 1415 1526 1665 1672 1723 1748
161 317 785 803 863 1053 1510 1532
137 138 139 375 855 992 1007 1115 1346 1396
249 525 556 785 879 1020 1344 1682
316 738 933 1549 1723
119 587 785 801 825 981 1001 1114 1197 1275 1356 1413 1510 1519 1564 1638
424 547 1201 1616 1824
1 342 815 1530 1615 1659 1689 1706 1844
424 547 1201 1616 1822
345 370 1093
39 506 1191 1300 1859
121 226 508 532 651 877 910 930 950 1139 1189 1308 1371 1431 1793
320 657 727 965 1693 1721
54 540 563 814 860 1349 1471 1649
174 346 1309
4 489 894 1294 1406 1563 1604 1657 1735
40 243 465 588 623 765 854 1242 1243 1318 1352 1422 1485 1744
593 1290 1476
337 555 847 933 1000 1097 1146 1233 1298 1389
87 255 645 665 873 1244 1566
295 470 640
399 791 1168 1244
95 492 1614 1733
480 900 1044 1550
94 795 919 953 1043 1317 1569
377 769 945 1144 1235 1337
1157 1305
210 501 1157 1758
1 342 568 633 815 1250 1530 1615 1659 1689 1706 1823
240 550 1110 1160 1579
414 565 570 574 599 926 927 999 1078 1288 1392
17 458 496 681 686 835 849 880 947 1004 1031 1125 1128 1153 1202 1407 1515 1748 1763 1770
46 68 759 1065 1124 1354 1433 1600
153 224 1360 1450
38 279 519 1517 1574
91 170 590 773 979 1108
195 405 446 588 623 726 748 1126 1142 1240 1318 1329 1348 1358 1402 1565 1566 1628 1760 1800
38 74 350 629 644 762 783 879 918 1191 1209 1221 1252 1488 1523 1529 1533 1552 1626
402 510 535 695 1081 1113 1192 1281
105 467 615 703 840 1112 1311 1316
34 496 516 554 580 628 671 672 681 736 835 844 866 900 947 1003 1004 1006 1008 1031 1038 1062 1125 1128 1131 1153 1163 1199 1295 1372 1468 1515 1629 1748 1749 1755 1763 1768 1789
435 646 744 905 1380
416 631 652 704 822 943 1203 1391 1496
818 1157 1222 1314 1460 1515 1591 1826
266 753 1327 1567
124 460 461 626 804 863 909 932 966 1194 1253 1298 1375 1398 1519 1596






