29
42
27
18
41
20
12
7
2
23
22
21
34
25
12
14
0
42
12
8
34
12
19
8
6
30
10
21
26
34
45
5
44
11
38
17
46
25
10
20
15
44
17
17
12
16
15
34
3
47
21
20
40
2
3
22
8
46
9
26
36
41
32
27
5
37
43
45
23
29
18
16
7
2
46
22
11
40
1
40
10
36
25
15
27
18
18
46
31
31
15
29
6
22
26
34
10
43
26
15
42
46
35
48
36
20
49
46
8
36
39
21
30
32
35
22
22
38
8
27
34
13
3
29
18
18
41
17
14
17
46
5
4
25
30
29
30
8
23
19
17
20
43
8
19
18
22
47
2
46
25
36
14
24
25
15
18
7
45
37
8
34
15
1
25
18
29
35
8
22
38
49
48
26
8
7
4
30
35
25
46
26
11
37
25
34
29
8
10
26
3
11
2
49
49
15
47
20
26
26
8
4
16
8
27
38
26
5
4
14
30
11
17
21
18
19
22
24
19
16
8
32
19
25
38
22
2
5
23
4
17
22
1
8
3
13
14
1
41
12
25
24
49
23
11
46
9
27
11
0
22
36
30
49
13
20
27
27
49
13
11
16
35
45
41
8
0
13
48
10
29
6
36
37
41
32
38
34
1
0
33
0
16
4
26
15
26
41
2
21
14
19
35
15
15
43
36
24
2
25
36
23
35
25
0
24
15
13
22
14
12
20
6
14
8
35
29
14
18
38
9
35
38
49
4
8
19
10
14
16
24
23
21
19
11
15
4
30
46
5
2
1
3
41
42
6
6
40
5
26
3
29
19
35
32
23
20
40
17
18
30
19
25
21
11
3
34
0
3
26
27
3
22
24
0
36
10
2
23
8
30
34
16
10
21
13
16
12
24
25
6
13
12
9
19
7
8
22
41
45
29
29
1
3
25
31
49
34
24
8
21
42
30
7
40
46
26
41
36
36
18
30
30
8
25
5
8
7
2
42
21
39
6
5
34
4
8
46
32
17
34
14
14
26
0
31
17
2
23
30
21
38
6
44
23
21
4
34
14
35
38
27
19
17
45
17
5
26
42
13
12
12
24
46
48
8
18
4
25
25
8
22
29
25
0
16
35
26
8
45
10
38
16
33
14
17
10
2
26
6
24
17
22
26
30
34
17
14
8
20
48
34
8
36
36
35
20
23
12
4
43
16
9
34
19
47
39
27
26
8
30
14
21
12
12
21
2
26
29
26
6
45
48
19
11
8
18
33
35
35
17
16
23
22
2
35
30
22
40
8
49
23
30
48
35
39
22
46
23
24
2
15
35
19
31
37
14
19
38
8
43
42
48
40
1
1
14
1
22
36
19
8
24
31
23
21
39
30
8
41
22
25
35
26
23
43
47
8
30
11
26
13
12
38
6
7
27
26
30
13
33
24
43
6
3
1
16
13
9
25
0
13
24
6
22
30
24
23
30
36
1
15
23
15
23
0
30
42
36
41
41
30
15
15
19
24
21
18
47
39
38
36
10
36
8
20
29
35
11
13
4
34
36
37
13
12
18
19
48
30
46
24
35
24
3
43
0
21
34
35
25
33
21
8
21
21
32
10
19
45
21
22
22
34
8
23
6
19
2
29
26
32
36
40
26
6
25
15
34
35
28
49
30
22
26
15
22
42
35
21
11
10
29
43
19
29
21
23
34
23
22
35
30
2
24
46
12
42
12
7
14
16
6
6
40
21
17
21
8
33
20
38
10
8
37
8
1
24
36
8
38
14
8
35
49
36
23
42
42
32
0
0
40
43
3
45
0
19
42
4
30
12
19
3
11
49
8
23
26
38
14
24
6
3
36
4
43
2
48
20
46
16
38
36
24
0
17
12
13
4
0
19
34
36
45
22
43
6
37
12
8
7
35
6
13
5
34
46
8
12
24
36
5
46
1
14
5
3
11
40
41
19
48
46
3
42
37
22
11
8
0
31
46
42
12
2
44
15
14
19
10
30
10
36
46
3
33
26
23
21
0
25
37
6
8
16
10
17
14
0
40
13
3
44
19
0
26
45
8
41
8
15
12
13
2
4
4
37
2
44
41
17
41
37
17
8
15
19
6
7
43
9
15
38
4
29
19
6
49
16
19
25
24
47
3
3
34
18
22
46
43
19
19
20
30
28
39
23
21
41
44
39
29
21
2
3
24
38
18
43
4
25
5
10
24
4
1
22
14
12
8
39
34
9
10
18
8
38
13
0
14
5
6
34
4
6
1
8
17
25
7
3
37
40
19
8
3
25
41
8
23
32
19
13
46
27
38
42
12
27
14
12
32
41
20
45
11
11
24
19
29
19
49
6
1
24
6
38
14
25
3
24
8
14
13
14
3
19
13
12
8
7
31
12
39
22
8
35
30
46
18
1
44
8
41
40
8
12
8
8
1
16
26
26
26
30
41
6
12
8
26
36
10
1
6
14
1
46
42
0
13
23
12
37
5
16
3
30
30
8
37
48
2
22
22
43
34
29
8
42
35
48
29
30
46
45
25
2
12
6
18
9
5
38
13
6
39
27
12
38
8
41
41
27
12
6
43
9
8
48
8
44
18
25
30
38
7
24
22
8
14
40
26
39
30
8
4
15
14
9
31
41
2
36
41
22
46
39
34
43
8
24
42
44
8
27
19
46
34
47
4
37
14
1
21
32
15
9
47
24
2
24
18
5
44
17
17
22
20
38
18
19
32
37
41
25
14
10
45
28
8
45
43
29
1
38
8
14
2
18
42
45
5
3
10
40
26
34
22
39
24
3
27
3
23
11
33
8
24
37
8
43
8
22
39
17
17
24
3
6
43
25
4
15
33
6
11
43
13
3
5
40
25
31
24
40
37
22
15
9
25
15
25
36
35
13
16
3
10
6
37
37
34
4
8
6
41
17
0
4
21
19
1
43
0
12
1
15
37
27
2
18
1
18
26
12
15
5
14
0
0
0
6
28
0
1
19
22
24
34
0
22
22
24
27
15
7
22
0
40
22
16
41
48
14
20
13
10
37
12
9
10
34
19
19
34
5
11
8
8
6
43
1
34
35
19
8
18
8
8
22
44
26
33
5
38
43
11
43
24
7
27
30
40
3
13
12
46
26
12
14
5
8
10
5
14
15
8
22
1
14
2
35
14
5
0
13
34
1
40
22
16
27
7
8
2
0
31
19
15
25
12
3
34
5
8
42
6
22
16
2
15
17
4
4
15
16
6
20
4
43
46
9
5
19
0
19
1
0
8
22
29
36
25
18
8
5
14
2
16
4
27
34
0
11
12
30
22
46
22
13
14
4
26
8
6
23
15
31
29
25
35
46
46
35
25
41
24
36
24
5
41
15
23
37
8
17
29
44
34
10
30
26
29
37
15
6
16
20
31
13
26
31
33
31
42
4
12
38
22
19
12
6
13
20
23
40
3
36
30
17
19
45
49
24
25
40
1
20
13
34
0
17
5
41
14
37
25
16
40
3
3
39
21
41
8
34
35
19
3
7
34
31
23
42
44
35
4
20
15
7
38
37
23
38
2
6
23
37
26
34
3
0
42
45
18
14
48
42
23
24
10
29
3
8
42
6
37
44
12
15
40
37
21
2
49
15
8
24
43
24
21
16
6
10
23
37
19
46
7
22
26
20
45
13
8
8
9
0
3
21
37
22
8
14
5
34
1
9
23
4
5
26
20
26
42
19
14
1
27
4
44
12
2
17
12
16
8
3
1
5
8
45
24
14
38
1
39
10
1
46
13
22
3
4
5
24
24
26
45
23
34
13
25
0
9
29
15
41
34
12
22
18
37
21
25
16
11
35
8
48
40
49
24
39
25
29
49
35
23
20
22
0
30
9
44
8
17
29
8
25
4
8
42
36
46
42
46
5
19
19
25
21
22
13
29
7
5
43
31
1
41
12
13
4
0
21
39
12
19
34
4
5
11
2
8
8
49
3
9
30
18
10
43
6
32
3
3
27
43
0
27
35
2
25
1
25
1
43
0
24
8
7
29
29
17
19
48
18
8
12
7
35
40
35
38
14
8
42
40
25
36
16
25
7
43
12
1
2
45
22
41
40
30
30
19
1
6
40
24
0
25
12
0
46
24
40
41
35
3
15
2
30
9
30
8
41
0
17
1
19
13
4
17
26
30
12
42
2
40
20
24
17
44
38
8
23
5
4
0
8
3
22
37
31
46
48
39
8
26
19
17
25
41
8
13
24
47
19
13
10
17
35
11
12
4
17
15
20
30
8
36
1
23
27
14
7
4
2
3
12
19
6
1
9
6
1
40
37
26
42
35
