64
60
72
59
24
48
32
20
8
45
38
46
79
69
34
31
27
60
32
69
85
28
46
89
7
69
10
30
73
68
99
14
91
9
54
36
66
66
85
48
35
91
36
36
32
40
35
79
87
83
46
48
50
4
11
39
69
52
21
74
75
61
99
62
29
51
93
88
35
63
45
32
20
9
57
32
96
50
1
56
85
76
43
35
55
44
45
57
87
68
34
64
32
39
71
62
11
93
74
34
60
58
85
86
76
48
98
65
85
77
47
18
64
99
81
39
7
54
24
72
79
28
8
64
44
44
50
31
36
25
66
29
21
43
65
64
62
43
41
28
46
48
90
7
47
44
44
83
5
58
97
76
26
43
43
35
7
89
95
51
97
79
35
1
66
45
65
47
47
39
55
98
94
73
76
20
16
67
82
67
58
74
96
59
58
79
63
87
76
73
11
96
90
98
98
32
83
48
74
71
49
24
40
87
71
81
74
5
0
27
67
96
25
43
59
49
28
42
46
33
88
84
46
87
55
38
55
24
28
0
25
39
11
69
6
46
26
1
57
27
66
37
98
41
96
52
19
72
96
19
38
75
62
98
30
57
20
70
98
30
19
31
82
99
24
87
8
30
86
10
65
34
77
80
61
84
54
12
1
19
3
4
31
6
71
34
71
35
8
46
29
20
84
35
35
94
77
42
5
66
77
36
69
66
4
37
49
29
38
31
25
48
15
32
23
27
63
26
44
92
80
82
54
98
21
76
10
10
26
32
14
32
41
47
92
69
9
67
58
29
7
8
55
61
60
7
51
17
30
74
87
63
47
82
84
32
48
50
36
44
65
28
43
46
96
9
79
6
97
71
72
6
39
33
5
77
9
45
46
88
72
62
33
10
18
13
33
32
37
54
37
17
25
19
30
70
76
32
61
95
64
63
1
0
76
68
98
62
41
87
18
60
65
70
56
57
73
61
77
76
45
65
62
87
66
32
88
87
81
60
89
78
45
29
79
23
24
0
84
37
79
26
26
74
23
68
37
4
41
62
46
47
89
91
41
16
29
76
29
7
54
72
43
31
99
36
29
71
60
30
47
27
10
66
86
69
44
87
23
97
52
39
64
43
9
33
58
73
43
87
11
75
33
89
34
39
11
15
71
31
41
37
38
74
62
81
37
25
97
48
86
77
87
75
77
81
57
41
27
51
93
40
80
72
47
83
53
67
73
69
65
26
18
28
27
18
7
74
65
74
38
87
86
43
96
23
45
3
83
81
37
33
41
38
9
84
71
37
56
88
98
28
65
86
83
79
28
65
27
40
43
35
81
13
95
52
35
47
54
87
93
51
86
70
1
4
26
0
38
75
46
24
42
87
7
16
47
67
76
61
38
58
90
71
47
95
83
24
67
58
74
28
28
55
19
81
72
71
58
30
3
37
93
34
82
2
33
30
6
87
4
27
39
85
38
62
42
41
72
77
1
34
40
35
41
52
67
57
77
61
24
65
34
34
43
33
18
45
83
78
92
77
78
85
1
48
64
84
96
30
58
77
75
92
43
26
59
20
86
65
58
39
87
40
8
90
4
18
62
82
69
87
12
47
43
12
99
11
39
99
16
11
45
79
52
42
39
47
81
64
71
99
77
50
73
38
66
35
79
82
94
98
69
47
73
31
37
60
90
46
96
9
64
93
49
63
16
28
79
41
38
81
58
81
42
57
28
57
31
20
27
33
81
87
51
7
25
46
45
87
48
54
78
50
80
52
2
42
77
76
58
31
43
88
98
77
41
60
60
99
6
19
50
90
7
99
5
35
51
12
74
30
46
9
97
98
81
41
71
92
13
31
15
6
75
16
95
7
86
48
58
14
54
77
14
5
25
26
28
25
14
49
51
75
88
70
93
24
80
28
49
20
81
7
29
29
79
58
24
27
42
76
19
58
23
25
25
6
17
50
24
24
86
58
11
57
80
36
96
24
8
68
66
60
23
49
91
32
31
47
10
58
10
77
66
6
3
74
74
18
4
87
59
52
89
40
11
37
26
90
70
49
8
91
49
4
73
88
69
61
47
34
28
30
9
31
6
92
55
91
61
32
61
97
43
14
39
43
51
20
93
21
35
54
87
63
10
51
98
40
43
58
37
83
11
0
79
44
37
16
93
11
47
48
62
94
53
40
43
61
91
53
63
43
5
88
42
92
44
87
22
58
5
10
42
29
3
35
31
25
97
78
62
22
85
44
76
54
30
16
26
25
52
65
21
43
88
11
36
87
20
8
59
51
47
52
0
69
24
97
47
84
89
12
57
72
55
58
27
72
26
28
99
24
12
95
17
97
43
49
63
43
98
45
1
47
38
54
26
69
8
42
23
25
30
43
8
46
28
24
87
19
68
28
47
38
23
88
62
52
45
97
91
43
61
50
97
23
82
81
0
31
71
71
71
71
61
23
35
88
74
77
9
3
37
26
1
58
60
5
28
12
28
51
29
42
15
67
19
81
59
86
25
39
25
93
65
63
50
27
75
86
63
64
14
88
71
76
26
87
92
21
87
54
13
65
53
72
27
92
49
24
81
62
47
19
95
6
92
86
23
91
59
81
62
54
70
40
43
47
26
56
73
88
62
87
21
34
30
6
68
47
8
75
69
38
57
69
43
87
1
42
60
91
76
71
49
58
52
76
24
51
13
1
16
99
31
22
83
42
8
44
44
0
91
36
32
38
46
92
45
47
99
92
58
43
36
10
95
94
49
88
93
64
2
54
88
27
5
45
60
87
12
36
78
56
71
79
38
53
38
9
72
11
94
96
3
92
42
80
82
93
69
31
78
26
87
69
70
45
94
22
81
10
3
85
92
95
33
7
25
50
97
68
42
56
59
11
37
22
66
34
58
75
69
17
33
49
78
32
51
65
92
0
24
38
61
36
14
15
43
49
1
95
5
27
1
12
80
64
7
44
2
15
49
24
46
24
26
4
90
23
15
94
23
0
30
38
39
79
5
38
39
39
72
30
70
34
2
56
39
33
54
94
23
45
13
35
92
30
67
10
65
13
45
65
25
96
14
52
37
94
2
68
76
49
88
45
87
49
39
91
71
89
72
54
93
96
93
47
20
72
67
50
6
35
32
16
74
26
31
29
92
11
19
31
37
23
39
1
31
8
82
29
29
14
29
8
2
56
23
33
67
70
81
23
8
68
52
35
66
28
47
79
29
19
57
45
32
31
7
19
25
6
23
34
32
52
48
24
93
57
19
24
13
9
49
2
1
87
43
64
75
67
88
97
29
26
5
33
4
73
76
4
96
26
62
43
58
28
30
26
0
73
87
4
94
35
68
64
76
90
57
55
90
69
61
47
77
36
61
24
35
28
92
76
36
64
91
79
10
61
73
65
80
32
24
40
48
95
13
73
68
3
68
60
30
33
54
37
47
26
7
7
48
48
56
87
77
71
36
46
87
98
42
43
14
1
48
13
6
4
25
7
61
27
59
66
40
17
9
8
50
18
24
69
77
90
43
15
20
79
68
47
60
91
76
21
48
43
20
6
80
28
54
74
46
37
59
74
92
11
89
58
87
44
31
94
52
41
37
10
63
11
89
60
43
80
91
28
34
56
59
43
55
98
82
47
42
95
31
46
33
37
9
41
59
49
58
20
38
74
48
99
46
81
14
6
4
9
43
97
32
69
27
29
76
2
11
21
21
6
71
48
71
60
47
27
1
69
9
91
28
8
36
27
37
87
6
3
27
43
95
30
37
59
1
69
9
1
57
26
36
0
15
32
42
14
74
87
21
76
17
43
4
19
76
34
59
92
28
39
45
51
18
69
40
92
88
23
86
51
98
37
78
66
64
98
84
47
48
32
4
58
22
96
49
36
64
47
58
51
23
51
77
16
60
58
27
48
49
58
18
39
23
64
13
33
95
68
1
61
27
12
21
9
18
78
71
46
43
5
14
96
5
81
47
98
11
22
67
16
10
93
20
88
6
36
55
93
4
72
7
15
22
2
22
2
90
4
41
87
20
64
65
32
47
86
45
11
28
89
81
49
11
54
26
88
60
56
60
75
40
69
20
94
35
88
8
95
32
61
50
16
62
45
1
89
50
40
4
43
43
81
66
37
56
24
90
8
35
55
65
22
67
14
24
4
26
97
46
28
0
36
73
69
32
60
5
56
48
40
31
91
54
69
27
25
0
5
89
8
70
51
95
57
86
47
52
73
33
36
66
14
85
72
39
83
49
17
9
23
88
96
27
16
43
35
48
71
76
75
1
47
72
34
20
6
45
9
25
24
89
2
22
78
3
56
97
71
60
83
