96
56
23
57
91
40
99
21
31
45
59
51
47
64
86
85
17
66
32
89
44
97
32
0
92
27
0
31
15
92
25
70
25
14
41
25
82
5
12
69
25
22
43
92
32
8
66
28
83
30
97
14
61
88
35
45
71
74
34
99
23
8
66
66
28
84
61
8
91
26
69
2
8
5
31
36
45
51
12
11
56
38
49
93
3
45
71
49
75
15
98
9
41
95
4
46
93
32
12
44
92
23
73
33
49
25
92
86
33
25
46
4
83
76
82
27
49
68
38
75
23
90
27
37
49
62
69
71
0
72
59
53
12
93
32
99
81
81
81
22
99
22
99
18
45
40
19
99
92
89
91
87
10
40
58
37
22
53
40
19
37
92
92
58
53
33
87
61
98
98
31
27
37
26
89
4
71
85
99
19
99
76
87
28
63
40
23
33
26
56
67
66
35
56
62
21
56
83
93
19
19
39
26
75
52
12
44
12
32
19
62
46
58
69
50
70
80
86
61
41
3
3
99
10
37
24
23
22
12
41
0
56
40
12
64
97
29
82
82
78
63
63
70
20
95
94
36
36
36
37
76
86
0
91
73
70
23
9
22
6
8
92
40
62
68
11
18
2
15
30
5
35
63
66
76
9
11
52
1
43
33
83
35
8
36
13
82
2
34
69
43
99
43
70
79
68
12
79
63
17
40
71
31
2
32
30
85
5
30
63
97
70
65
78
13
26
39
15
25
80
69
43
27
39
19
33
12
18
31
41
12
99
56
56
87
40
28
72
71
31
13
96
50
44
49
26
91
91
69
12
21
72
71
68
43
17
17
26
87
27
31
33
40
62
59
52
22
37
32
49
23
25
69
68
81
39
60
1
43
55
63
63
51
27
32
4
40
9
42
78
71
94
2
86
20
12
30
27
31
66
70
54
66
72
63
73
10
0
8
30
93
30
66
54
72
91
24
76
62
48
86
9
28
81
33
71
1
99
62
40
52
31
27
33
63
62
31
66
99
53
53
42
30
25
87
69
7
71
77
10
1
86
56
63
68
98
12
17
25
39
39
96
68
30
62
66
49
14
34
79
32
44
71
71
41
63
69
79
11
46
13
1
21
40
39
71
8
83
57
40
79
4
71
82
86
15
61
32
52
55
12
34
59
76
33
12
77
24
31
54
51
96
63
90
73
16
18
94
1
43
12
89
85
67
36
51
26
30
93
74
17
24
31
92
54
43
82
57
8
88
70
69
53
58
41
35
81
33
99
78
19
69
7
14
30
33
28
70
89
86
98
60
88
22
54
70
76
96
86
54
40
68
72
54
68
88
23
99
58
14
26
90
34
9
26
59
38
72
12
98
40
43
11
68
23
13
6
21
54
11
83
44
65
64
98
33
25
63
45
47
78
27
57
39
49
22
30
87
20
67
42
71
69
64
79
37
21
17
5
19
91
15
96
37
84
24
80
9
36
79
7
27
90
70
70
70
76
23
55
40
24
91
45
40
40
23
80
33
45
94
12
58
89
11
70
52
27
2
35
95
14
13
76
2
68
79
95
57
16
55
17
32
35
30
12
16
83
41
7
85
93
20
32
44
54
84
68
75
7
15
84
97
49
91
58
28
5
86
91
60
48
94
95
58
6
63
64
82
51
79
27
39
64
99
62
72
80
63
79
26
81
80
76
5
71
17
86
26
19
89
34
69
22
73
35
18
20
62
63
77
58
97
11
31
75
77
30
94
12
72
60
12
77
12
72
69
0
15
60
39
63
84
98
26
30
25
16
34
30
14
40
2
68
58
38
74
4
95
20
58
31
63
5
64
95
40
72
96
41
84
38
75
39
39
45
44
68
52
77
71
30
17
2
88
96
90
84
12
2
33
97
91
82
33
38
46
47
59
64
70
28
97
31
5
15
67
6
82
44
26
74
89
30
14
69
58
30
31
15
94
75
18
93
69
81
84
64
23
68
88
97
27
39
11
96
32
63
90
46
14
49
94
70
19
30
58
24
62
36
14
21
15
79
79
67
34
23
77
55
39
90
16
41
57
28
9
21
69
40
32
66
31
76
32
12
79
7
32
39
24
63
30
93
27
55
12
23
5
95
15
63
14
30
26
73
54
54
64
69
24
28
39
30
79
43
50
32
7
98
72
9
53
91
83
60
33
14
89
39
24
73
17
95
16
3
17
89
5
86
66
2
60
76
30
80
39
47
37
33
42
31
12
49
0
92
57
44
75
98
70
38
72
32
85
46
10
3
55
96
45
1
81
72
16
10
40
5
35
54
41
38
81
17
16
76
16
81
17
18
27
75
79
63
7
27
34
89
95
48
36
37
89
33
84
69
97
86
25
90
30
16
6
1
1
95
7
33
14
97
13
57
40
95
12
44
88
99
73
82
99
78
60
37
9
90
70
41
45
75
11
74
15
79
52
8
73
75
26
10
1
32
30
62
22
53
57
96
54
57
77
54
73
77
29
95
22
31
26
89
71
94
8
49
78
48
71
30
43
85
99
7
58
15
5
74
70
39
98
72
78
17
49
54
38
81
31
31
9
60
26
31
27
78
30
17
64
57
15
33
3
17
54
12
68
49
24
46
70
24
85
73
40
98
60
78
40
39
92
65
66
53
69
14
49
86
14
19
3
74
78
84
44
15
22
82
84
79
31
63
78
36
90
64
62
9
42
15
12
73
95
31
76
39
6
22
22
91
20
24
44
32
54
34
39
95
55
39
15
17
76
81
16
91
87
14
19
94
47
3
73
83
55
98
83
27
79
23
82
25
90
5
20
59
70
65
7
9
64
49
97
33
22
30
67
60
61
36
14
32
69
79
69
69
63
56
68
46
65
22
96
84
5
37
14
71
41
51
30
66
82
21
70
52
42
63
72
87
72
76
6
7
84
19
22
37
75
18
85
9
92
54
50
72
26
71
79
31
54
7
53
43
63
61
57
16
86
55
41
84
25
62
89
60
17
19
17
85
24
26
67
49
89
75
20
55
49
95
69
23
8
41
88
84
12
59
58
11
32
66
15
36
40
22
69
85
85
60
57
80
22
37
33
71
36
46
81
25
62
88
25
69
68
31
8
90
38
85
64
20
10
71
27
25
57
93
0
26
18
93
35
24
17
25
84
39
77
73
58
33
70
5
89
72
62
16
44
6
3
30
11
91
54
73
12
61
81
58
39
18
68
22
62
66
92
33
57
14
20
55
68
16
43
37
22
33
32
38
64
77
70
98
52
66
10
64
27
27
87
7
82
24
98
8
7
29
27
43
67
85
34
89
0
61
83
65
34
66
93
37
10
85
26
17
44
83
20
67
92
0
25
14
81
1
66
13
79
17
16
87
30
88
75
45
41
26
11
50
15
6
94
94
77
63
48
69
26
75
32
30
50
27
84
30
90
45
91
12
86
63
7
16
17
6
83
95
97
8
56
40
37
83
78
3
51
12
17
12
50
38
84
7
21
33
55
12
28
47
12
32
96
31
39
32
37
14
72
75
12
69
33
68
37
15
66
37
30
12
26
26
32
69
5
72
58
12
12
90
35
48
38
97
52
57
37
72
71
11
50
95
46
34
62
25
1
79
40
26
85
64
82
41
47
58
46
76
77
27
44
14
50
12
35
73
94
95
39
57
48
30
8
90
97
98
57
56
37
79
74
94
35
47
63
84
5
96
81
92
5
6
1
97
74
90
80
17
0
93
64
17
62
52
69
53
25
93
59
75
38
58
19
9
36
16
63
33
73
8
93
88
92
26
23
58
15
36
41
57
8
96
26
63
37
93
52
12
95
77
13
73
83
18
28
75
20
74
29
19
61
1
25
23
36
90
6
4
51
34
19
96
0
36
4
80
74
14
12
68
12
82
50
10
72
55
26
71
96
1
27
51
7
51
85
66
33
70
61
54
41
83
5
80
55
28
72
42
39
75
79
19
79
55
18
4
21
57
87
97
30
20
74
28
51
29
69
55
85
89
14
15
70
95
40
14
89
15
50
12
12
5
62
12
9
16
84
12
92
34
17
16
14
12
90
22
73
93
93
13
27
16
21
27
12
5
99
70
61
13
65
27
51
20
39
24
70
50
12
2
43
12
63
83
79
9
17
94
55
94
25
89
41
77
86
82
72
45
28
39
81
36
26
38
81
96
81
49
12
24
80
88
26
57
69
11
30
70
79
31
4
32
95
60
19
19
96
78
54
14
8
10
1
98
62
5
54
49
17
40
91
12
11
39
91
92
97
83
98
92
