38
30
11
28
40
4
42
9
27
35
0
27
21
31
39
49
10
32
9
26
2
41
7
7
42
24
7
20
10
40
16
35
7
11
15
24
43
9
9
33
9
6
5
49
20
1
33
23
49
39
49
24
25
26
13
9
33
36
5
45
8
1
32
33
23
44
33
1
40
24
35
3
1
4
4
13
23
27
35
38
30
17
37
43
3
35
33
37
37
10
46
22
15
42
7
21
49
9
9
0
47
8
33
4
15
7
47
41
20
9
21
4
42
37
41
4
37
24
17
37
8
43
9
16
37
33
35
35
7
32
0
38
27
44
9
45
48
48
48
6
44
6
44
20
23
14
7
48
47
42
42
47
14
35
30
3
6
38
9
7
17
49
49
30
38
20
4
5
41
46
27
16
16
24
48
4
35
49
48
24
45
37
4
23
32
24
8
20
24
30
34
33
12
30
33
9
30
41
49
35
35
16
24
46
31
16
2
35
9
7
33
21
30
32
25
35
39
44
5
15
19
19
45
14
16
8
8
6
27
15
7
30
24
24
31
48
21
43
43
31
33
33
35
7
46
41
13
13
13
16
37
45
7
42
35
35
8
22
6
39
1
47
35
33
3
47
20
1
10
23
4
13
35
32
47
22
39
31
3
5
20
42
12
1
13
11
40
1
5
35
5
42
5
35
40
35
24
40
33
3
27
33
24
3
20
23
42
4
23
33
42
35
34
45
9
24
17
10
9
47
35
5
24
17
7
20
9
20
20
15
9
43
30
30
4
14
23
32
32
19
7
38
25
2
37
24
47
47
35
9
2
32
35
35
5
10
11
23
4
23
19
20
14
33
0
35
6
15
7
37
8
9
35
33
48
17
29
3
5
0
35
33
33
9
9
4
14
22
19
31
35
45
1
47
2
9
23
24
27
33
35
45
32
32
31
35
14
7
1
23
43
23
32
45
32
48
8
37
33
12
44
22
9
47
20
35
3
48
33
35
27
35
24
20
35
33
20
32
43
38
38
19
23
7
4
33
18
32
14
14
3
39
30
33
20
46
35
10
9
16
16
49
35
7
33
33
15
11
5
40
9
0
35
33
15
35
35
40
39
21
9
3
2
35
17
33
1
41
28
19
40
7
35
43
41
10
25
9
31
0
24
13
0
37
16
9
14
8
27
45
27
49
35
43
35
11
20
41
3
5
11
42
42
34
13
27
24
23
44
36
39
8
24
40
45
5
40
28
1
26
35
32
38
30
15
13
47
20
45
31
7
35
18
11
23
20
23
35
42
41
46
29
26
6
45
35
37
38
45
45
9
20
33
45
33
26
10
48
30
11
24
43
5
22
23
0
17
33
24
46
35
5
38
33
8
9
39
2
45
38
41
2
34
31
46
20
9
33
35
21
31
22
28
17
15
6
23
4
7
34
19
7
35
31
40
16
9
10
9
7
48
10
38
16
44
8
39
22
13
40
18
23
43
35
35
35
37
8
0
24
8
48
35
35
19
10
47
16
35
41
4
28
26
39
35
35
9
1
12
46
11
11
37
1
7
40
46
28
11
0
10
9
12
7
27
11
41
23
18
49
43
2
9
0
45
44
33
37
18
10
44
48
15
48
30
23
4
41
42
29
12
41
46
28
39
33
31
43
27
40
24
17
31
48
33
33
47
24
40
9
48
39
37
7
35
11
41
24
24
26
5
33
6
35
13
20
7
33
33
14
28
49
47
35
46
14
23
41
35
32
29
4
14
24
32
35
7
11
29
17
32
44
46
24
23
9
10
13
23
11
22
1
4
28
17
36
4
46
2
28
4
35
7
31
42
22
35
49
15
44
17
37
17
16
23
2
20
27
14
32
23
10
1
26
38
43
44
11
3
20
41
48
41
20
17
21
21
0
31
35
23
48
20
9
10
34
39
43
2
24
36
48
23
11
33
30
23
24
10
41
46
20
43
33
48
44
31
10
33
26
48
9
17
39
49
9
33
43
21
11
37
41
35
7
23
28
8
33
13
11
2
10
40
40
34
13
10
14
0
17
43
10
15
28
23
22
2
33
4
9
32
19
37
23
9
40
18
9
17
8
33
23
43
23
0
9
10
4
42
10
33
11
7
24
32
45
45
31
35
8
23
16
23
40
5
25
9
18
46
32
22
38
48
41
29
16
11
26
16
8
33
10
42
10
19
10
26
4
45
33
1
29
37
23
47
16
21
17
20
19
20
9
37
7
47
28
0
37
46
7
17
32
9
42
21
14
19
0
49
9
3
48
32
11
14
35
9
12
45
15
17
47
10
10
37
10
48
10
20
23
46
40
35
18
24
13
26
46
12
13
17
42
20
44
35
48
47
4
43
23
10
39
3
3
46
18
9
11
48
11
28
14
42
35
2
26
45
35
43
44
31
29
17
22
43
35
15
23
37
39
36
10
40
31
1
32
37
24
14
3
9
23
33
6
38
28
49
45
28
14
45
32
14
21
46
6
27
9
26
32
41
1
37
31
35
32
23
5
42
48
18
30
10
4
36
35
17
46
32
31
10
15
45
17
48
27
19
22
29
24
24
23
45
19
10
31
28
10
20
19
10
45
35
7
37
8
21
35
8
49
35
35
46
29
31
14
17
49
34
33
38
35
11
37
44
11
7
19
36
31
44
0
10
6
43
44
40
20
35
31
13
43
31
7
22
19
10
9
32
46
27
47
16
39
6
6
42
2
8
2
24
45
5
16
46
0
17
10
10
47
47
11
48
47
11
24
45
21
19
35
49
0
46
49
9
40
8
40
16
43
4
2
0
35
34
18
22
31
37
41
20
6
23
34
29
25
13
11
9
33
40
35
32
35
30
35
21
34
6
38
44
9
16
11
32
15
33
23
32
41
2
35
27
19
33
33
4
33
47
39
18
44
35
6
17
46
20
49
22
47
45
25
32
24
33
40
24
45
18
38
5
35
25
28
10
44
0
16
44
9
33
42
29
4
24
10
49
8
24
34
15
26
37
7
0
15
42
33
8
1
16
26
44
35
0
28
47
9
33
10
13
19
6
35
42
49
29
28
39
6
16
20
32
13
21
48
4
33
26
24
33
35
24
1
43
17
49
31
2
14
32
24
7
28
49
7
23
20
43
13
8
11
24
44
16
14
35
30
20
35
4
26
35
33
10
2
39
19
23
38
48
45
32
7
25
48
30
16
20
35
6
33
32
49
20
28
11
2
0
35
11
5
16
6
9
7
17
31
14
35
46
35
32
14
31
7
23
4
18
40
8
41
1
18
21
9
5
34
42
13
26
9
25
49
34
5
32
44
17
14
49
24
10
0
42
2
34
47
7
9
11
47
3
33
11
40
10
11
4
23
26
46
35
15
22
39
25
10
39
41
41
14
33
12
33
23
37
9
23
25
23
44
23
43
9
48
27
44
33
18
10
10
39
49
46
41
1
30
24
17
41
31
19
27
11
10
3
25
17
44
18
2
20
0
23
23
21
11
9
38
4
17
9
16
11
32
37
24
35
20
35
16
11
33
16
23
10
23
24
9
35
4
32
28
35
9
43
13
35
17
41
31
28
17
32
35
47
25
42
21
13
33
9
3
40
35
23
49
31
40
15
21
28
21
37
14
23
0
11
25
7
12
35
41
46
16
28
35
23
1
43
42
46
28
30
16
40
36
41
12
21
37
44
4
38
47
49
4
39
4
41
36
43
39
11
7
44
31
11
33
31
32
38
9
43
0
37
17
28
24
22
13
10
33
16
35
1
44
26
49
24
10
30
10
13
15
28
1
38
24
27
16
43
35
9
46
14
11
32
49
20
9
46
2
36
21
24
5
3
9
8
13
43
39
4
27
5
7
38
7
13
4
47
36
11
9
33
9
41
25
14
32
0
7
32
38
3
24
33
18
33
49
33
20
35
25
45
15
42
4
47
0
23
32
19
16
46
40
7
40
0
20
7
2
28
4
48
23
7
36
23
27
21
35
0
42
42
11
10
32
46
24
11
42
10
25
9
7
4
33
23
22
11
44
9
42
13
10
10
11
7
43
6
32
44
44
9
4
11
2
24
35
4
44
35
5
9
34
9
27
2
17
8
35
25
9
3
5
35
33
42
40
22
11
41
0
41
24
26
15
14
41
43
32
23
9
17
48
13
24
17
47
38
47
37
9
8
47
26
24
28
33
38
23
35
40
35
7
9
42
29
7
7
38
31
45
11
1
14
3
46
33
4
45
15
11
35
48
7
47
16
49
42
47
49
44
49
