186
144
31
112
160
75
175
40
0
59
146
128
82
126
194
178
49
124
78
156
86
197
10
10
168
75
11
42
44
180
52
111
56
38
62
89
173
41
91
122
56
27
84
179
81
16
120
94
187
14
159
81
137
158
79
80
116
105
61
190
32
15
106
120
95
169
114
40
160
98
122
0
15
4
140
57
97
134
106
12
143
71
54
196
41
59
117
54
151
37
159
22
62
174
5
83
152
81
7
60
184
33
114
76
65
117
198
184
77
88
83
23
160
152
177
10
55
108
73
151
31
171
91
69
54
109
139
112
3
123
146
131
133
192
88
174
189
189
189
27
199
26
199
36
97
95
28
199
184
193
192
175
18
132
145
68
35
136
75
48
68
179
179
145
131
54
50
140
199
159
133
50
68
98
193
23
75
178
199
24
174
150
161
94
112
53
31
77
92
143
100
120
67
144
119
40
144
190
152
132
24
69
92
153
135
8
86
50
75
3
144
83
145
129
138
112
175
180
140
63
6
6
174
18
70
32
31
27
133
62
3
143
53
8
126
188
90
197
197
125
122
121
117
29
176
183
56
57
57
68
150
195
10
192
113
117
31
96
26
13
16
167
106
119
10
17
34
9
43
96
5
79
50
133
168
21
14
135
2
85
77
160
67
16
57
39
173
9
61
116
85
175
84
104
164
56
55
163
136
41
136
122
80
0
76
97
195
91
96
139
198
116
118
198
37
136
72
45
56
194
116
75
92
71
28
98
7
34
42
64
88
180
143
143
161
95
95
111
116
148
55
186
138
86
55
98
182
182
112
75
25
111
112
108
85
44
47
97
161
94
148
77
95
144
146
135
35
70
81
55
32
88
122
108
189
71
142
2
84
107
107
112
128
39
80
23
95
22
66
130
123
198
9
182
30
36
93
78
76
120
117
147
124
124
127
113
18
88
16
96
196
87
133
149
124
191
31
152
115
51
187
21
81
165
77
117
2
180
122
132
136
148
97
78
112
119
76
129
180
131
131
66
99
36
161
115
20
116
154
18
1
194
143
139
110
181
139
49
88
69
72
185
106
87
119
123
65
38
61
162
78
60
123
123
64
121
114
163
14
83
80
1
25
107
71
112
15
190
104
8
164
5
123
173
184
44
137
40
136
167
81
58
146
150
52
91
154
33
0
147
128
185
99
172
113
48
34
183
2
85
44
193
195
100
57
134
81
99
192
105
44
32
80
180
147
85
173
104
16
157
158
116
131
145
64
79
165
76
174
125
99
107
20
48
95
76
95
117
193
184
181
141
157
27
149
122
150
186
195
148
132
110
115
149
106
158
31
180
145
46
99
171
61
21
97
146
73
115
55
159
107
85
12
106
32
39
13
25
148
12
190
86
118
126
181
77
88
119
64
82
130
53
101
72
65
27
97
161
29
100
66
56
122
126
163
69
40
48
41
28
191
49
186
68
170
33
175
22
57
162
19
97
172
112
116
117
152
31
167
53
33
191
59
132
8
37
194
52
59
182
139
102
156
14
117
135
41
9
67
176
49
37
150
9
88
164
176
101
49
167
48
81
67
99
122
49
190
64
20
178
196
30
81
60
147
170
75
151
20
45
170
188
65
191
145
94
144
184
192
142
51
183
176
102
13
112
126
197
134
163
62
71
127
199
109
122
194
136
163
88
189
175
150
8
114
47
184
98
24
156
61
115
27
114
79
36
29
119
117
155
102
159
17
80
153
154
96
182
106
124
142
75
154
154
124
115
88
37
142
71
112
169
159
78
99
81
47
58
96
38
62
9
10
102
74
105
23
176
30
102
42
121
41
126
174
62
122
185
64
170
73
151
72
71
64
86
110
136
154
116
96
49
9
157
186
172
169
81
0
76
197
191
177
77
73
83
82
146
127
117
95
188
76
91
49
100
13
197
86
98
105
193
93
48
112
145
95
80
45
183
153
34
196
115
189
170
127
44
108
157
188
39
72
14
185
81
112
171
83
48
54
183
117
28
87
102
32
114
99
38
25
45
164
163
100
58
31
155
166
71
172
43
63
103
95
21
25
114
107
40
112
148
150
75
132
164
20
81
71
33
123
97
196
99
167
40
31
4
174
43
136
48
99
96
113
148
149
126
116
33
94
72
96
164
84
138
91
19
181
123
21
131
191
190
142
52
48
156
70
31
113
43
174
47
6
45
156
4
195
120
9
141
150
96
194
62
82
73
77
66
42
8
54
8
167
101
60
151
159
81
73
123
81
195
83
18
6
167
185
76
2
189
114
37
18
107
132
67
148
63
73
165
44
44
150
47
189
45
34
99
153
163
136
20
92
58
156
176
51
57
70
193
77
170
116
188
182
91
172
97
49
13
2
41
176
19
88
39
188
39
101
95
174
40
86
158
190
113
173
199
125
141
71
22
172
104
63
59
151
14
105
45
164
135
16
116
151
81
18
1
75
87
144
35
131
103
185
149
103
155
147
114
154
90
176
27
0
78
156
124
183
16
55
125
114
124
95
85
195
199
20
145
43
50
105
104
74
159
111
125
45
65
147
74
189
0
148
21
141
98
53
94
198
98
48
121
101
49
77
6
45
147
132
56
55
33
83
117
32
178
113
132
181
141
130
95
71
179
118
123
131
106
38
54
180
44
3
6
105
125
169
60
43
35
173
169
164
42
50
130
57
171
127
144
96
66
45
7
129
176
76
168
62
13
35
27
192
30
32
86
75
147
61
69
176
166
72
37
48
168
165
44
191
175
39
24
198
82
6
113
187
166
181
187
10
163
31
173
52
171
75
30
146
122
118
20
96
127
54
197
77
27
96
100
142
137
57
48
81
112
164
122
129
139
143
121
83
118
26
186
169
41
69
46
112
64
128
99
119
177
25
106
136
66
121
115
161
122
168
13
19
170
24
27
70
153
36
178
22
198
147
138
124
88
139
163
80
148
19
131
85
112
137
104
47
180
166
64
170
56
119
193
142
10
24
49
178
31
98
100
65
156
151
29
166
65
174
115
31
16
62
158
169
41
146
102
17
76
120
37
57
8
44
107
195
178
142
101
175
26
70
76
112
57
83
189
4
119
157
81
115
108
80
40
172
74
178
127
30
18
114
92
36
101
152
11
94
36
196
79
33
46
89
169
69
154
114
145
76
117
4
156
112
119
48
86
13
6
95
12
191
148
129
135
137
189
145
72
34
106
27
119
124
179
54
103
38
30
167
112
47
84
70
35
81
81
74
126
155
112
181
135
129
18
126
94
94
161
19
173
33
199
16
19
90
92
84
100
195
58
156
88
137
187
118
61
133
192
68
18
178
99
44
60
160
30
100
184
81
88
38
165
2
120
39
164
49
49
161
41
157
153
75
63
21
14
138
45
13
183
183
155
136
51
122
92
151
75
99
138
92
170
87
172
75
191
41
187
121
19
43
45
13
187
176
197
15
144
75
72
190
130
6
134
44
37
41
138
73
169
20
25
77
167
97
94
82
48
75
186
140
72
80
70
38
124
151
55
115
77
116
69
37
120
68
93
44
92
97
75
117
4
114
102
3
91
172
79
50
74
197
135
103
73
111
123
17
138
174
83
61
144
56
2
163
75
98
178
126
173
64
82
102
83
150
154
96
60
38
138
44
67
113
182
176
62
101
50
96
16
171
198
181
103
143
72
163
105
183
67
82
80
169
5
186
165
179
4
13
41
197
105
171
175
44
10
192
127
37
109
135
129
131
81
196
146
151
74
102
24
21
57
47
121
52
113
16
192
158
179
78
37
145
49
57
64
104
16
186
53
44
70
196
135
81
176
154
37
129
187
36
81
153
30
105
90
24
140
2
88
32
57
172
13
23
112
61
28
186
11
57
23
194
105
46
7
108
91
177
138
18
124
167
10
112
186
41
97
128
20
128
178
120
77
111
137
147
62
160
140
194
167
81
114
66
62
153
164
44
163
166
34
5
25
104
161
188
96
29
105
95
134
90
116
166
195
193
44
48
129
176
107
49
193
43
138
135
3
139
119
76
22
44
169
7
168
58
46
49
38
88
172
27
114
192
192
37
4
47
25
92
50
4
199
122
140
37
118
91
134
30
72
32
158
138
88
0
85
139
119
160
163
21
46
183
167
183
89
156
63
155
184
173
116
59
81
71
189
57
97
73
165
186
165
55
88
32
194
158
98
103
115
44
95
117
162
42
5
81
174
141
24
3
186
125
149
48
40
18
2
159
122
75
147
65
46
132
191
44
17
62
179
182
181
177
199
198
