146
108
132
103
123
52
78
19
27
89
61
68
169
140
95
66
47
108
81
152
54
68
53
184
20
134
36
88
125
142
190
123
176
31
114
75
133
124
167
70
66
176
77
99
66
79
93
170
54
195
66
70
191
44
36
60
123
139
2
129
172
137
163
144
21
139
196
188
56
149
57
76
18
35
120
80
152
192
94
180
167
174
56
82
113
63
40
119
197
142
89
146
55
54
125
134
36
186
130
61
107
134
166
117
171
53
138
121
150
173
112
16
144
189
150
60
80
114
123
131
170
48
27
148
64
62
105
73
99
86
124
95
2
135
116
148
137
71
66
66
73
69
175
25
81
74
63
31
45
134
158
174
83
80
135
93
82
182
199
191
152
169
50
40
122
40
144
164
110
66
100
153
186
128
143
19
84
144
163
135
134
129
152
104
158
54
149
81
33
143
80
151
45
153
138
53
195
88
125
125
188
63
79
163
131
102
126
39
47
95
128
152
73
99
103
16
15
78
66
99
192
162
66
142
100
83
113
21
1
136
83
98
48
114
29
66
95
44
109
96
133
66
153
52
152
102
19
132
151
10
67
172
128
138
99
109
18
123
153
88
22
78
150
190
16
143
43
53
117
33
146
75
125
120
110
162
114
3
53
10
41
44
84
30
127
61
125
87
27
53
0
90
162
82
97
198
53
66
45
122
171
50
150
124
44
58
90
83
63
95
94
70
30
80
17
162
143
99
53
100
168
163
137
138
28
143
32
32
83
99
9
78
67
66
183
134
154
144
134
92
25
27
36
111
107
22
10
12
87
125
143
149
59
164
162
66
52
191
75
64
147
125
7
66
151
52
169
15
26
126
130
125
85
51
47
174
31
15
14
63
137
134
80
33
13
5
80
99
53
114
72
11
87
1
88
136
133
85
111
193
146
149
46
20
133
141
138
140
53
163
13
107
147
136
180
119
125
110
173
166
54
144
140
133
133
78
143
20
27
106
184
165
52
140
169
16
17
47
162
57
170
97
99
129
47
142
57
44
55
144
66
35
184
176
55
23
0
166
83
26
114
132
58
84
190
73
66
125
106
83
53
99
53
124
105
116
59
159
127
152
139
59
148
135
7
80
150
125
48
199
31
35
80
166
99
76
36
8
125
95
53
77
60
126
144
163
77
73
116
70
117
14
26
173
143
160
109
55
89
154
197
79
168
131
93
195
187
137
166
166
144
73
13
99
80
13
25
125
179
129
67
186
117
52
151
17
112
41
167
161
77
77
55
60
35
162
144
73
180
134
138
15
147
117
167
112
50
121
99
57
15
0
161
4
198
139
80
53
102
40
199
154
117
137
46
44
83
48
64
161
53
17
74
197
7
23
112
148
143
115
61
111
160
129
126
193
195
133
137
151
129
87
65
100
10
19
136
130
121
81
41
86
196
99
143
48
99
78
172
102
43
88
20
159
85
128
51
33
132
171
46
73
53
83
114
197
145
106
174
16
123
144
86
82
88
80
53
116
195
165
100
171
157
54
170
88
148
164
21
88
131
166
172
183
75
83
103
87
105
16
134
53
164
99
27
175
94
13
134
163
28
185
14
110
25
14
156
31
66
190
23
32
60
169
139
66
59
50
15
148
129
156
166
191
125
75
129
82
170
188
178
138
126
53
125
130
98
106
160
52
151
36
148
196
90
149
189
52
170
52
9
161
121
27
77
119
89
106
143
18
98
50
71
159
154
61
53
66
116
185
69
105
157
192
120
139
48
51
173
174
121
84
134
150
9
171
55
108
108
156
0
43
191
175
20
190
38
53
154
3
134
87
66
161
152
138
127
55
125
100
7
83
30
50
172
24
193
25
117
74
120
76
114
173
53
38
73
93
89
0
5
90
140
172
188
179
196
16
115
68
81
19
160
20
87
87
169
134
24
59
66
174
10
120
46
97
85
28
12
192
111
72
116
124
4
106
115
83
152
21
99
141
124
108
16
15
181
53
91
127
36
121
32
150
124
80
41
126
130
13
22
130
0
197
115
80
36
57
99
179
191
90
27
176
90
22
129
188
133
74
110
160
66
90
35
0
29
183
113
177
134
84
115
155
75
5
53
53
134
18
196
2
82
101
159
144
90
134
50
79
93
158
51
195
34
26
169
74
66
24
196
4
66
67
142
178
187
68
65
111
181
187
149
14
174
188
56
102
62
193
39
121
39
33
58
94
42
85
99
96
107
165
133
6
167
64
179
101
95
23
87
90
197
144
7
191
46
54
75
135
19
27
0
154
65
139
48
123
105
143
80
162
184
3
118
136
100
106
97
132
99
95
156
72
63
181
12
152
74
90
148
114
153
25
46
54
93
101
94
133
61
75
17
21
87
40
27
76
90
88
40
21
142
89
112
60
143
174
144
102
60
42
116
67
110
137
7
16
143
54
48
80
129
125
127
125
111
63
95
192
129
172
31
42
22
97
72
134
108
38
87
20
89
103
91
80
30
145
21
127
104
185
54
85
83
186
144
149
105
102
172
117
149
140
102
188
127
26
14
164
64
2
87
101
3
197
187
125
96
100
90
110
127
102
95
10
193
145
183
105
40
176
103
161
130
143
136
51
80
114
98
180
129
189
140
160
2
93
95
168
111
123
27
171
115
85
194
112
136
193
123
56
106
181
54
131
87
124
139
195
17
155
61
46
23
189
81
6
195
51
7
83
64
47
176
86
86
9
87
100
62
4
156
100
109
103
75
33
181
178
12
188
199
146
37
102
44
99
45
62
102
194
3
61
157
180
125
166
22
187
51
161
102
71
70
151
41
183
66
120
163
197
133
62
165
83
15
114
182
60
185
123
0
59
41
159
183
181
91
50
94
191
158
150
65
180
104
36
80
77
124
66
122
172
150
11
80
17
157
120
134
139
182
47
123
60
111
57
5
30
14
90
46
193
38
99
46
20
120
128
53
91
49
8
90
90
21
21
97
37
160
114
30
178
99
48
83
63
53
170
38
73
66
83
132
53
136
99
47
180
59
99
102
186
99
67
5
163
183
99
145
32
140
4
83
142
91
151
123
116
22
198
37
140
54
67
189
67
134
189
62
160
130
115
116
101
197
152
199
53
18
132
145
192
29
46
80
23
129
96
50
87
183
36
10
61
50
174
59
46
99
27
164
68
92
17
88
170
49
180
47
70
137
136
123
7
43
142
90
130
133
89
53
169
92
115
106
22
95
50
26
21
86
29
2
93
85
197
52
17
196
119
1
89
4
7
62
37
43
143
20
148
172
135
82
133
91
96
45
80
37
129
166
44
152
83
128
54
134
99
88
99
47
128
143
72
179
53
141
148
174
109
118
119
160
134
111
179
66
66
21
110
87
52
183
125
66
148
176
169
33
137
125
144
115
81
123
79
65
198
5
129
142
41
142
108
0
83
114
84
72
95
83
73
67
150
180
163
171
128
76
71
194
138
17
143
123
46
69
7
29
94
73
26
111
99
104
122
80
12
169
27
105
13
102
133
173
160
143
30
18
169
142
50
106
181
166
87
69
20
18
101
120
68
114
35
53
58
104
136
182
34
184
109
186
60
84
186
139
55
53
32
149
48
184
108
72
115
177
89
50
54
104
66
113
138
31
110
56
181
53
66
83
22
32
90
128
62
120
19
9
128
70
190
66
169
99
168
46
33
65
155
61
114
87
92
166
49
77
1
28
29
131
69
129
108
65
99
46
114
154
177
15
99
15
96
99
134
29
42
102
125
193
58
99
103
46
112
31
46
118
70
73
54
30
28
50
9
126
199
95
166
11
123
22
1
149
50
103
182
93
60
7
155
115
134
80
183
150
15
117
154
138
77
165
133
148
153
162
53
69
90
44
121
6
152
123
99
146
110
121
154
40
107
173
23
108
134
21
72
66
158
13
66
7
146
19
99
193
140
46
137
68
7
2
7
13
165
130
53
182
45
123
151
45
134
128
153
34
6
145
23
32
199
19
189
29
75
113
186
43
132
26
8
164
49
164
49
175
37
50
134
19
148
146
84
53
185
72
17
66
182
26
12
150
102
99
99
107
180
127
172
79
134
19
185
59
46
57
199
73
111
192
24
140
14
43
184
192
51
10
123
133
38
124
123
180
108
160
28
133
113
147
6
128
5
110
44
80
93
71
66
0
75
126
133
83
108
45
180
70
57
99
176
105
16
99
28
46
38
184
54
179
103
198
194
117
112
102
111
57
75
128
58
159
68
53
195
62
11
33
15
188
152
95
44
83
82
67
128
12
172
46
52
132
82
19
39
17
52
73
15
184
49
39
165
42
123
155
130
192
167
